310101	34.4042	20.4928	35.7143	10.4952	66.81	92.1963	28.6528	19.6702	50.7018	60.0593
310102	13.724	13.2774	16.7939	5.1061	67.33	83.2735	24.8366	10.1849	35.7368	46.0299
310103	10.256	6.9934	12.2222	4.2096	66.75	78.9055	19.9721	7.5954	24.6233	34.3965
310104	13.7566	2.9453	6.6313	3.0058	73.77	84.6321	11.2231	4.8324	13.1393	20.8113
310105	23.4028	11.831	14.6896	4.2327	67.94	89.9077	18.8862	8.8745	23.632	36.1806
310106	16.5692	10.1225	15.4583	6.8639	73.3	82.3709	21.41	16.4402	22.7652	55.6391
310107	18.4974	9.8413	17.2084	6.676	70.36	79.661	26.9463	15.0847	24.4127	64.4656
310108	16.895	6.7808	17.5345	5.1536	69.09	86.8351	32.8247	20.3457	22.1918	81.5981
310109	16.2753	12.2267	21.7082	5.6645	51.2	70.4128	24.8021	5.5046	28.1781	52.0648
310201	7.4109	4.3411	6.5469	2.9921	55.83	63.4667	13.913	4.4	10.1395	32.31
310202	7.6314	3.8932	2.6349	2.6574	27.99	17.8203	15.7882	2.9455	1.7399	33.1438
310203	5.2989	2.8453	4.6824	1.7167	38.55	32.946	18.1858	1.1103	0.7948	31.137
310204	7.3912	4.5168	6.6596	3.1331	52.31	55.7091	14.4496	2.524	4.1883	27.2105
310205	16.0596	8.5099	7.047	6.3869	60.78	73.9537	26.2287	8.7266	7.4007	63.2119
310206	13.5501	6.3386	3.5714	3.6237	54.39	57.3353	22.0472	9.1654	1.2219	45.9852
310207	14.3361	4.9805	3.5478	5.0446	51.21	49.014	23.6765	5.5217	0.1891	49.0102
310208	13.0771	6.9941	5.4941	5.9373	55.25	62.4087	26.7548	8.3667	0.1475	51.8831
310209	19.8524	13.1244	8.617	6.1971	65.35	59.5415	25.1429	13.9625	9.5304	62.2633
310301	19.9736	10.2801	12.8516	6.0475	66.03	70.2046	15.0422	6.1387	30.89	37.3275
310302	12.5	6.1031	9.5139	4.264	57.4	68.4211	13.9388	6.1083	7.3107	36.7493
310303	20.905	12.006	7.7027	5.7529	58.06	74.1453	27.9244	9.6154	5.0377	61.9607
310304	21.5891	4.8116	12.6632	4.9801	50.55	74.4729	30.1318	14.4578	8.1671	75.9101
310305	15.5877	11.3115	12.1128	5.4016	56.79	77.0833	27.4711	14.7883	13.8677	69.9116
310306	19.7396	11.5288	11.7044	5.3905	62.37	76.5644	17.5474	7.1166	32.5703	39.4582
310307	14.5753	9.7619	15.7865	5.8748	56.62	75.643	18.0511	5.689	28.4645	34.3487
310308	10.7348	6.8132	6.1706	5.5345	57.98	69.3176	18.5666	7.5294	4.8723	39.4137
310309	11.3795	11.0303	8.9097	4.7794	52.72	67.254	26.3044	8.9574	4.3946	56.1409
310310	14.0135	12.743	9.469	5.5165	60.61	80.5291	40.3369	14.127	7.411	83.8113
310311	28.8534	22.0653	18.887	4.8318	56.66	84.0093	34.4034	17.1562	10.7009	69.5815
310312	59.5544	39.9969	34.8776	6.4084	69.15	97.7967	46.5474	19.0476	35.0766	55.0209
310313	17.0439	11.0958	13.5709	5.2794	62.9	77.4606	16.0143	6.634	27.2426	35.9233
310314	6.6775	1.9725	9.2557	4.2453	57.16	50.3986	13.7255	0.5314	14.3684	22.6565
310315	41.0824	24.522	25.841	7.3024	61.93	97.5014	30.6876	19.8262	43.4751	51.4888
310316	48.5981	20.4569	39.4022	12.4444	70.16	95.7099	35.9935	14.5046	46.729	41.2945
310317	37.7658	27.0412	22.7642	5.8272	66.72	93.1149	36.7273	18.0073	21.1735	59.2938
310318	18.5097	4.8885	14.4608	5.0558	61.32	77.4419	38.9564	20	3.5121	94.0199
310319	21.5353	9.8993	22.006	5.2074	59.47	81.0158	27.0914	10.408	14.9705	59.7777
310320	29.79	18.5039	24.6377	11.1111	55.26	94.7195	64.6766	33.6634	10.4987	115.879
310321	23.6989	15.4835	25.0578	5.2405	69.32	93.8715	24.2103	10.4356	27.0474	50.2401
310401	8.5996	7.3308	7.8173	3.1576	52.64	63.8374	26.2581	6.5152	1.5038	52.1381
310402	15.0385	9.965	11.3092	6.2631	55.92	70.7457	29.7349	9.7574	2.4527	59.9299
310403	9.3333	6.0775	6.9628	3.4241	38.14	35.5917	23.8117	3.3424	1.7054	46.2946
310404	13.7361	9.9435	11.9875	4.2969	54.65	75.8298	29.9056	8.4582	3.847	64.9098
310405	19.2399	8.2344	16.4835	4.4291	74.6	87.6344	21.3315	13.4409	4.2755	73.8718
310406	10.1549	7.8141	10.1669	8.3794	40	75.4331	26.647	5.5906	0	55.4905
310407	13.4242	7.42	4.388	7.9228	47.17	72.1989	34.2105	8.1933	0.5244	72.2863
310408	14.1157	4.543	12.4722	5.0431	48.21	73.4177	23.9784	5.1899	4.7593	51.2709
310409	9.5698	0.5707	11.0169	3.6096	57.45	79.1099	26.2153	6.5395	0.8341	58.5162
310410	12.4112	3.6085	14.0162	4.1972	64.47	93.3484	29.1801	12.8523	9.2947	57.135
310501	8.8506	5.1341	3.8674	6.2741	46.57	64.508	27.7624	6.1396	2.2989	43.3717
310502	9.4831	5.2522	12.6947	2.7899	48.02	58.9175	29.272	3.0928	0.2084	47.6031
310503	11.8284	6.3007	9.0909	3.1832	47.24	50.8072	29.4422	3.3238	0.4252	48.6277
310504	5.6548	6.6964	3.6458	3.0744	37.04	57.3248	19.5502	0	1.7857	23.2143
310505	4.4559	1.7864	6.8493	3.7916	43.18	60.3721	21.9315	0.5581	0.616	27.7207
310506	8.8034	10.8065	7.7103	2.5609	57.49	68.5065	19.5969	4.329	1.5814	35.8988
310507	11.92	1.6	7.8125	3.5644	44.51	61.4964	22.0879	6.5693	2.4	41.84
310508	2.6588	1.8464	7.6677	5.1305	51.91	45.975	24.6738	4.2934	0.517	40.325
310509	6.4827	6.8678	13.2075	4.5419	39.75	63.3234	24.9305	4.6407	1.2195	57.1887
310510	17.6853	15.9948	18.1818	5.3061	65.77	68.4909	36.5559	7.2968	2.2757	55.7868
310511	16.3972	12.7598	22.9765	5.0898	61.82	69.0184	32.3879	9.0491	3.4642	61.9515
310512	15.5995	3.2596	13.6038	5.5107	49.97	63.6637	35.0814	5.4054	5.7043	50.2328
310513	20.0754	8.4826	8.4967	6.0113	41.56	46.3235	42.5641	11.3971	0.2828	65.033
310514	28.6854	27.7836	33.3787	5.3661	49.82	77.0221	44.127	8.9154	17.9327	51.3007
310515	15.6932	12.2449	9.2537	8.2353	44.09	56.6191	46.8384	10.1833	5.841	73.2582
310601	11.3532	8.5245	15.2294	3.1716	49.31	68.6189	21.7962	7.3427	5.5046	49.9618
310602	18.3366	13.5397	17.7536	7.2727	55.73	76.2681	26.9782	10.3261	3.3269	59.0329
310603	11.7834	6.2279	7.9882	6.8443	56.48	65.3909	20.5015	3.2573	2.3355	47.0983
310604	10.1054	6.5431	4.8733	4.2445	60.69	79.1506	20.7287	4.0154	5.0164	33.7695
310605	29.2453	15.4572	1.8315	0.9464	52.19	82.2408	39.3268	2.503	5.6604	45.0653
310606	12.8828	9.7149	0	6.0498	66.15	67.3993	18.254	3.2967	6.7582	27.5607
310607	33.0576	16.3137	25.1366	6.7623	62.98	92.2443	31.8448	16.129	16.1482	66.1813
310608	7.3616	2.7483	6.5315	3.3615	61.15	62.7213	4.0135	1.8329	15.7636	18.4334
310609	8.1911	1.9018	6.8252	3.3813	65.56	66.8686	10.9462	1.3578	12.7433	22.8062
310610	12.2215	0.5092	10.8434	4.2651	81.08	86.9239	6.712	3.0011	6.6836	24.5703
310611	8.9744	2.4038	5.7471	7.9895	73.38	79.2187	7.9007	3.4375	4.4071	43.2692
310612	8.39	1.0204	0	4.6398	58.33	68.5039	12.7273	0.4499	1.1338	24.6032
310613	7.7399	6.3467	9.1255	8.5607	55.78	76.7521	21.6783	14.359	5.3406	57.1207
310614	6.9106	1.9512	7.2581	6.9542	59.43	75.2434	14.9653	3.4771	3.4146	23.1707
310615	4.3993	2.7073	5.0279	1.476	61.45	75.4505	12.5753	5.0676	1.8613	18.5562
310616	7.5594	9.5032	0	8.204	79.16	69.8997	10.5541	2.3411	8.2073	14.4708
310617	12.8623	1.2681	10.1449	2.9952	73.83	77.1255	11.6022	3.8462	11.0507	27.7174
310618	5.2057	0.8396	8.5714	4.0798	66.4	75.7732	3.782	0.5155	8.4803	11.6708
310619	10.2756	2.9739	6.3395	3.024	58.78	78.3036	7.7036	2.2934	6.2379	24.2384
310620	8.1545	4.2203	7.0461	3.0555	72.95	87.5219	6.5062	4.1983	9.5851	21.1016
310621	17.3398	6.7897	7.21	3.8975	76.67	87.4848	12.3959	2.6124	1.4276	23.4679
310622	13.2091	6.6451	8.2222	3.5211	67.67	76.489	16.9501	8.0721	6.4425	33.4279
310623	5.1502	1.4592	9.2593	1.1696	58.4	66.8421	24.5305	2.9825	2.7468	31.4163
310624	9.736	8.2508	8.2143	7.1823	53.47	70.2703	23.0924	4.6847	3.5479	17.9868
310625	14.527	14.6959	14.0541	1.998	56.82	71.6867	21.9146	4.8193	3.4628	36.9088
310626	16.7344	3.3306	15.748	4.9837	52.98	61.3592	37.1281	14.7573	6.0926	61.6572
310627	14.0009	6.8419	8.2164	3.7994	55.31	65.1697	26.699	1.1976	5.6638	30.6299
310628	7.3024	4.9628	7.9848	4.3139	67.31	68.5342	16.0671	3.914	1.6306	30.7692
310629	7.2842	5.8453	12.3762	3.5535	67.37	75.8563	11.1605	0.8422	5.4257	21.5828
310630	7.1527	1.3755	6.5882	2.1404	71.09	76.7131	6.456	2.5552	4.7111	21.6988
310631	11.6491	1.8217	6.1404	2.7245	74.03	83.3333	10.6162	2.4444	9.3001	22.627
310632	8.7671	1.8465	1.9056	2.1003	62.58	73.9168	5.7862	2.8813	3.8238	24.3821
310633	5.7246	1.6764	5.2681	1.3475	60.04	73.759	8.3844	0.3081	4.6566	15.3359
310634	6.7198	0	2.2831	1.9497	81.8	80.5295	4.5718	2.9035	6.6202	9.109
310701	5.9325	2.9959	4.434	4.0114	67.8	73.6989	5.7836	1.8116	2.8774	11.4506
310702	8.384	1.7985	0	2.2998	73.55	76	10.3767	1.2048	2.9886	8.384
310703	6.9873	0.5445	0	2.7415	75	79.1995	7.6207	3.2131	3.2365	15.2753
310704	16.322	9.195	3.8462	2.7958	63.03	73.0301	21.4692	0.5125	2.4372	11.8168
310705	4.7356	1.3793	4.8711	0.9059	69.24	70.2509	10.6086	1.6129	1.6092	15.7701
310706	14.8026	5.5451	5.8315	4.8753	63.17	50.6316	20.9979	7.0526	0.8459	48.6843
310707	41.5066	34.9529	38.2126	9.4689	42.89	84.684	52.1739	3.1605	23.5782	50.3578
310708	31.3518	12.7036	16.895	2.8628	61.05	77.1812	26.1251	2.8523	13.0293	29.886
310709	5.1003	1.8911	0.8174	2.9735	66.2	42.9091	12.154	0.3636	2.1203	12.0917
310710	7.6399	1.2733	5.2257	2.6535	74.89	63.7464	4.1146	2.849	4.3234	12.6444
310711	9.379	0.7921	4.2596	2.889	72.87	66.8428	5.2078	2.5099	4.2459	7.6996
310712	11.3485	3.9411	0.9615	4.1777	62.83	65.9378	10.8966	2.2708	6.0304	13.1529
310713	6.7086	1.0183	5.8925	2.1753	62.71	70.3084	1.4795	0.8364	2.2761	7.1279
310714	4.7697	1.9364	5.2557	2.2135	64.91	71.8477	8.1881	0.7491	4.8104	10.8846
310715	4.8648	1.2842	0.547	3.753	68.57	61.2854	3.62	0.5229	6.1036	9.9713
310716	8.6264	3.1868	0	3.5176	57.08	48.2877	5.704	0.4566	6.0989	7.5274
310717	10.364	17.7051	13.5359	4.316	64.33	59.3434	9.9026	3.2828	15.9161	16.6564
310718	8.7912	8.8621	10.7198	5.2048	62.33	50.508	6.9565	2.0319	17.7597	6.4161
310719	8.209	8.0431	3.4247	2.8375	71.63	60.2456	7.6471	1.2279	9.8673	8.4577
310720	10.4839	0	8.982	1.6717	79.35	50.1305	5.92	4.6997	10.8871	12.7689
310801	4.8835	1.9445	0.3455	1.5977	53.46	56.929	3.5142	0.5443	1.8406	8.9951
310802	5.6202	0.7008	3.2976	4.0665	64.78	46.8089	2.5319	0.6301	3.602	9.4043
310803	9.3628	6.1588	0	4.606	66.5	81.4768	12.9598	3.1289	14.5247	18.156
310804	45.5702	36.9737	42.885	11.8138	26.96	91.3295	44.825	11.0983	95.5702	0.2632
310805	83.6002	74.8161	70.751	17.5824	42.74	100	74.4479	10.9188	98.3124	2.2068
310807	15.2941	15.2941	0	0	80	100	77.6471	0	100	0
310808	83.8381	77.0839	75.2315	16.2556	52.01	100	64.7159	24.6054	99.8124	0.1608
310809	32.4895	17.8622	0	0	57.81	98.2188	33.2692	7.3791	41.7722	9.564
310810	14.5448	5.5858	11.0465	4.2164	75.58	96.9186	14.0067	2.6744	25.934	16.576
310811	16.7035	1.1615	4.9223	4.2784	74.63	83.6791	6.4734	3.6883	12.3617	13.6339
310812	4.5719	0.508	1.1809	1.1108	58.07	50.787	3.3533	1.25	2.5698	12.2964
310813	5.6413	1.344	0.9338	0.8728	50.16	38.6262	4.8459	1.2417	1.2278	17.1893
310814	8.7965	3.5214	5.3408	2.9369	80.28	70.1732	1.7671	2.1212	7.948	15.8676
310815	10.554	2.9114	0	2.725	63.63	100	6.0565	3.0011	8.0873	17.226
310816	10.8911	0.6601	0	2.6578	58.89	53.743	5.9135	0	11.1386	11.3861
310817	7.1093	1.0576	8.5366	5.5419	79.77	97.4268	8.7508	2.6619	11.2808	13.7485
310818	32.0657	24.4598	29.0909	1.9792	64.6	98.7749	17.8082	8.1164	37.943	18.2368
310819	76.7053	68.8546	64	15.7143	45.17	100	63.6081	19.2817	98.6486	0
310901	3.2569	1.7276	1.4953	1.7555	26.23	12.1899	19.8215	0.2126	0	11.8097
310902	1.6183	1.5878	2.7886	2.2633	27.55	24.5908	19.7643	0.7639	0	10.8855
310903	1.3937	0	2.75	1.9383	30.83	10.2518	16.4813	0	0	10.0348
311001	3.204	3.9723	4.3137	2.9236	37.41	33.5099	27.7928	0.6623	0	21.3041
311002	2.5937	1.4843	1.9355	1.9711	33.97	26.338	24.0459	1.0211	0.1499	17.6312
311003	2.7512	4.256	2.7578	3.5811	31.81	28.9515	24.8011	1.3693	0	16.4767
311004	2.905	1.263	0	3.3308	28.3	4.6191	20.1839	0.9724	0	15.7247
311005	1.5592	1.7397	1.7525	1.2855	28.18	8.7697	26.9443	1.0217	0	18.9234
311006	2.5474	1.6211	2.2939	1.7818	30.78	17.711	30.5815	2.1233	0.1474	23.8105
311007	1.1448	1.2051	2.0901	2.2952	29.79	8.6578	30.303	1.4857	0	22.4142
311101	3.5306	2.8485	5.271	2.6683	35.63	33.6094	23.364	0.6819	0	14.6238
311102	1.9108	2.293	0.5556	2.1516	32.79	33.7536	31.3273	1.0669	0	16.3482
311103	3.5555	5.6278	1.8116	2.3245	29.34	13.4276	30.6069	2.0192	0	20.8248
311104	3.2553	4.7558	3.7823	1.8524	40.32	39.0415	26.6798	0.9936	0	27.3906
311105	4.8558	4.829	4.5148	3.2386	39.15	41.1874	26.1913	2.1759	0.2012	24.4265
311201	1.1136	0.9156	3.2976	1.7744	24.78	4.1557	11.528	1.1214	0	11.1111
311202	1.1166	3.0371	1.6807	1.155	34.14	11.5543	18.6138	1.8768	0	21.9741
311203	1.1124	1.6686	4.2172	1.7369	26.45	8.2549	12.4972	2.3952	0	20.7146
311204	2.1855	3.9963	4.3617	2.0331	36.75	19.8728	20.6704	1.5103	0	17.8582
311301	5.5249	4.3508	1.2833	0.787	28.31	31.6883	26.5674	2.7273	0.5295	35.1749
311302	5.2925	5.0139	0	1.0619	48.85	31.2081	17.8	0	0	23.1198
311303	3.9501	2.6611	1.1026	4.1547	48.49	50	22.4502	5.0339	0.1247	47.9626
311304	35.7798	32.1101	35.4167	7.8652	61.97	100	15.6028	10.3448	18.8073	48.1652
311305	9.4858	8.9001	6.3751	3.483	55.93	56.7736	23.2269	6.7496	0.9762	46.3065
311401	33.534	27.9408	16.1137	4.5733	64.61	82.243	44.0333	24.486	7.4241	93.9553
311402	20.8752	10.5568	9.9141	7.3611	69.73	83.4706	33.1176	22.2954	5.67	81.2021
311403	16.6475	11.8664	11.6447	6.416	60.19	71.2811	36.669	21.5861	2.1601	79.2626
311404	2.61	5.5302	4.1379	4.9845	40.48	31.9324	33.3763	1.4976	0	32.7067
311405	6.3732	5.8476	8.535	4.3852	54.6	53.598	28.4706	4.0529	0.6899	46.912
311406	21.2583	13.3192	11.4868	5.6975	65.81	68.9446	38.1897	18.4391	3.3204	82.8611
311407	17.5017	14.9283	13.0893	5.1797	61.58	76.2782	40.9164	13.5714	4.3384	95.7072
311408	17.1657	12.0444	10.2339	8.024	60.61	63.6749	31.296	15.7917	3.3871	83.3897
311501	7.0968	2.9032	0	5.1471	40.97	56.9343	26.3158	7.2993	0	37.0968
311502	8.4907	3.3366	4.9505	3.4256	46.04	55.5517	23.8152	3.4376	0.6531	32.117
311503	6.3241	5.5095	3.8692	2.8856	33.11	40.7867	27.2423	1.1732	0.2518	18.4982
311504	4.703	4.033	2.8487	3.3785	32.84	36.8273	29.3103	1.4393	0	23.7598
311505	3.7731	3.7314	4.329	1.6393	38.26	30.7582	31.9653	2.7668	1.1097	26.0785
311506	3.149	7.674	5.3807	2.147	35.56	31.4828	23.3002	0.5622	0	26.3562
311507	4.334	4.0891	4.1667	3.2201	39.74	34.6376	30.0374	1.4753	0	31.9785
311508	5.0189	7.928	4.6809	6.0754	39.62	44.8315	26.208	1.3483	0	28.381
311509	8.2967	5.9082	1.5504	3.6725	43.11	37.7451	31.8584	4.4118	0	39.2834
311510	7.1718	5.2291	6.2743	4.0077	49.27	55.8384	31.9095	4.3636	0	47.596
311511	5.8949	5.0868	6.1694	5.7319	41.92	50.4535	30.3203	0.6803	0	34.4426
311512	3.9716	5.4246	4.4318	4.1416	30.99	27.1605	32.9071	1.07	0	39.3284
311601	6.0302	7.5377	12.8015	4.3094	38.96	51.683	27.0378	4.126	0	24.8972
311602	6.4516	8.9571	8.7786	4.3203	45.13	40.6977	21.9456	3.0731	0.9082	35.8283
311603	10.3653	5.049	9.6257	5.4162	59.29	68.8498	23.1171	1.4309	2.5245	36.9765
311604	12.2932	7.7112	12.2411	3.1042	51.38	58.8235	30.8478	3.9582	0	43.9651
311605	12.0494	11.6987	14.5012	6.8785	56.87	63.1131	35.2561	11.5525	1.2484	70.1221
311606	13.819	9.6205	11.2549	6.316	55.16	69.8974	35.5516	10.0342	1.9185	66.9262
311607	8.5386	4.9254	2.4903	4.8141	48.13	55.7241	38.179	7.5342	1.456	54.3412
311608	4.1187	2.7236	9.9755	4.1313	49.3	56.2972	30.6398	4.8752	0.3764	51.3064
311609	7.8967	4.5178	7.3552	4.9729	41.39	50.7339	25.6158	4.5872	0.7593	43.2422
311610	5.8793	1.5223	3.4115	4.4242	43.07	62.2461	13.7692	3.4648	0	18.1627
311611	12.0708	4.3184	2.8017	4.2281	38.95	39.0476	22.077	5.3968	1.5088	23.9854
311612	8.5258	7.46	8.778	4.2049	45.85	43.1701	34.6477	5.1546	0	48.4014
311613	15.0183	5.8085	7.1588	9.3567	51.43	63.4375	33.2139	8.1875	0.2355	53.3228
311701	5.8268	0	0	2.8862	85.04	13.0841	44.4444	0	22.6772	22.3622
311702	5.7284	3.2568	1.5625	3.299	29.61	19.3154	26.8742	0.652	0.2035	17.7959
311703	3.9572	4.4803	5.3754	4.5703	33.95	27.2887	29.3152	1.8192	0	25.1081
311704	5.4245	4.882	3.5813	2.5097	25.58	17.5753	32.743	1.0043	0	26.7426
311705	5.0603	2.4511	4.7945	2.9038	41.44	17.7755	25.8056	1.6632	0	21.3283
311706	4.258	3.8786	0	2.86	28.33	8.9165	33.6496	1.693	0	21.8382
311707	4.8845	3.6964	2.2196	2.2943	36.85	25.208	35.4215	0.8319	0	25.3795
311708	3.4158	2.9152	3.5834	4.4792	34.74	21.1701	36.3302	3.3872	0	27.9152
311709	1.7304	4.1096	0.8949	4.6628	27.96	24.3523	33.9946	0	0	27.3973
311710	5.3749	6.6855	2.7231	2.6228	32.65	20.4649	30.6673	1.785	0.0995	24.1871
311711	1.928	3.5724	3.4729	4.4042	36.18	22.4537	27.3292	0.6944	0	31.1879
311801	5.1969	3.9376	2.4	2.8291	33.46	27.4066	34.0448	1.4203	0	31.5411
311802	4.3775	6.0053	4.6603	4.342	47.39	39.0011	31.7875	3.8159	0.9019	31.0603
311803	10.8398	11.7188	7.8704	8.0446	41.53	49.4286	37.7535	1.1429	0	44.7266
311901	13.2289	10.2592	13.5922	8.6505	54.03	52.3643	37.4288	8.7566	0.378	77.1598
311902	6.1588	6.2978	7.2489	5.2386	47.7	40.9383	36.5862	3.9203	0	48.7382
311903	5.8065	2.3041	2.6667	2.5599	43.38	48.4222	32.0637	2.5571	0	43.2718
311904	5.5725	7.1151	4.668	4.2829	45.78	33.4067	42.29	3.7037	0	50.8199
311905	4.2111	3.0882	5.4705	7.4547	38.17	23.7885	35.688	3.2305	0	41.269
311906	7.078	4.4402	1.7282	4.3184	53.22	35.9284	40.8806	4.5379	1.2163	55.085
311907	6.9385	3.0297	4.3607	3.4143	45.99	54.9928	41.5951	4.438	0.1496	56.4054
311908	12.7985	4.336	8.2374	4.6759	40.64	52.1884	40.144	4.6537	0.2095	62.3376
311909	8.3665	9.0969	8.7591	5.3878	39.45	35.6108	27.7992	4.5549	0.5976	58.4993
311910	16.9673	15.3584	18.3761	7.4521	54.12	38.5208	46.9194	6.4715	1.609	82.4476
311911	13.9696	13.4577	15.4552	8.8352	51.97	49.4482	45.4041	8.1976	4.6565	81.2417
311912	12.3527	9.102	11.4618	4.5805	54.48	51.2367	47.7042	7.0671	0.2438	88.785
311913	5.0504	9.5769	6.3102	4.1212	57.54	42.2249	41.7719	10.9649	2.8073	69.9664
311914	3.7126	20.479	3.7736	3.962	61.82	35.2941	28.2692	0	0	68.7425
312001	6.1248	8.0987	4.2627	5.4239	44.5	44.4015	34.129	2.0077	0.2322	58.8969
312002	17.399	10.1608	17.2208	7.2518	56.5	61.5581	39.5156	7.7905	0.7258	87.8188
312003	11.3826	9.3282	10.8742	7.966	47.42	44.4867	47.6689	14.0684	0	85.6191
312004	19.9074	20.7729	17.8396	8.5163	51.44	54.6538	56.7459	14.7639	1.7311	108.46
312005	25.8546	19.296	16.6491	7.3818	43.65	57.4388	56.8374	11.1111	4.4315	93.0869
312006	7.874	6.9291	10.8434	3.3981	51.64	42.029	61.5385	27.5362	0	98.7402
312101	19.2151	16.9477	10	6.5891	43.8	57.4646	37.5836	9.7581	1.25	61.8024
312102	11.6257	6.3327	4.5455	4.4848	55.67	47.3684	45.152	14.5363	1.7013	67.0132
312103	9.8786	6.295	4.5767	4.9735	42.34	60.4662	36.7614	3.0303	0	59.2339
312104	10.6601	9.5897	10.4779	7.5957	52.28	58.6406	36.9681	4.7235	0.3568	61.5076
312105	19.0457	7.9984	6.25	3.4272	60.9	70.0075	38.3237	8.383	0.2051	79.4914
312106	18.0806	10.9216	13.9679	5.5076	53.48	63.1433	45.2288	10.2534	1.1697	83.3991
312107	19.4773	18.8444	19.1342	9.7412	50.76	64.9465	44.8411	15.1038	2.205	90.343
312108	26.4222	17.2156	33.0855	5.9313	57.08	79.3451	56.4315	15.1134	2.1707	96.7066
312109	21.8761	14.1048	16.9014	5.3679	45.05	52.7888	53.5359	10.6574	1.0613	85.0736
312201	6.1947	28.9086	8.125	11.9843	58.11	62.3016	34.0961	14.2857	1.3274	88.6431
312202	12.8535	11.5681	12.1896	6.4582	51.73	67.6336	43.2526	9.4656	2.0051	86.7352
312203	18.8344	17.9853	18.8034	7.1203	44.07	69.0928	38.8494	6.7511	5.6349	65.7276
312204	19.6633	10.2357	13.4078	4.4924	53.88	59.0068	29.4792	7.3028	0.6734	78.0135
312205	27.9603	12.9882	15.0215	6.5357	44.54	73.5246	46.7978	10.9016	7.8735	85.3068
312206	22.8377	13.7877	16.6575	7.4191	56.77	77.2384	44.517	15.1197	6.4383	92.1404
312207	19.197	8.4951	11.5951	8.2569	54.65	66.321	42.8196	9.5396	0.7711	88.5536
312208	0	0	0	0	0	0	45	0	0	0
312209	23.9695	23.9278	16.0418	8.3791	47.3	63.6099	52.5528	14.5075	5.7321	96.3359
312210	29.3372	23.6335	28.4848	7.3861	58.5	73.7226	61.4914	21.2722	7.7106	103.882
312211	34.8809	28.2534	29.1009	5.999	62.63	77.5176	52.3703	16.6276	11.7018	100.242
312212	28.3105	29.0894	28.7559	11.1201	56.51	77.4609	49.35	18.5833	18.3454	90.9213
312213	31.2992	17.0768	19.2982	3.8176	55.07	79.1189	50.1367	21.3216	8.2923	105.955
312214	32.7016	22.503	22.069	4.0488	49.51	69.8276	62.6322	24.1379	1.5042	111.071
312215	31.0363	22.3316	10.3846	5.5056	58.57	75.395	54.9416	21.9714	5.285	98.8601
312216	14.0669	10.2507	7.911	4.9138	45.81	65.0602	45.8502	14.006	1.532	75.766
312217	23.5925	17.771	18.6047	6.1538	43.45	69.0891	41.6219	9.2054	0.2298	68.4795
312218	23.0711	21.1044	15.4639	2.4059	43.28	71.6075	59.3995	12.7349	2.4962	101.437
312219	17.6583	17.2745	11.1111	3.6765	19.96	59.2742	37.2493	8.871	0	44.3379
312220	14.9564	17.6392	13.2353	6.0119	45.02	60.5263	37.3	5.7276	2.6157	50.2348
312221	15.4394	17.5772	15.847	0.8065	39.92	79.1304	48.9712	11.0145	0	78.9786
312222	12.3353	23.1945	9.2269	4.2189	42.52	56.4991	42.1358	7.279	6.3785	79.863
312223	42.8916	25.9438	19.4915	6.3146	58.03	72.0461	57.9618	20.1729	11.9679	89.5582
312224	33.1269	15.8411	10.5134	8.9009	58.25	64.1121	56.0768	25.9813	0.4644	109.907
312225	32.4547	20.9226	19.656	10.1523	56.08	67.0886	62.0609	17.9325	9.8298	106.205
312226	47.9738	49.8212	27.4924	9.9453	61.37	80.9816	57.3472	13.0879	23.8379	79.3802
312227	36.5854	36.4673	21.4022	9.0619	53.78	75.3754	55.9759	21.3213	12.8639	94.6892
312228	51.8072	42.8258	50.2203	17.5	51.01	71.0425	48.3146	17.7606	36.6922	51.0405
312229	34.9398	20.3213	19.5572	5.8036	55.48	65.3333	48.3871	14	4.1767	104.257
312301	49.0583	30.2672	24.4576	10.2467	54.39	75	58.723	19.2647	15.0679	84.4503
312302	45.9681	17.1754	34.0249	7.5573	54.7	69.5009	65.3965	22.5508	9.8861	114.032
312303	26.25	17.6923	31.3208	6.9164	38.31	65.3061	66.4694	9.3878	3.75	113.269
312304	16.586	11.0573	14.2857	5.4207	46.94	42.8571	51.9584	16.8254	0	112.591
312305	35.4935	23.0808	29.656	9.3667	52	72.326	58.0871	21.4771	10.8674	109.596
312306	29.7501	17.0104	23.3828	10.5224	51.6	68.603	53.3836	14.5689	38.9833	66.3189
312307	26.6005	25.2913	13.977	8.5984	45.46	59.4757	53.401	24.249	20.961	94.7921
312308	22.2908	16.3237	18.1034	7.6305	48.42	47.486	52.8721	17.0391	9.8765	97.9424
312309	42.2351	41.8088	33.2196	15.5593	51.47	68.2088	65.7675	18.9205	27.1163	80.6334
312310	38.1227	41.6768	29.7994	14.2922	42.01	58.2536	44.2933	20.3349	56.6221	55.2855
312311	34.0321	30.0489	51.3043	12.7706	41.51	55.4404	43.9058	9.5855	100	1.3277
312312	32.3784	39.3341	37.4002	14.5266	39.72	65.5509	47.5692	14.04	85.5852	17.7184
312313	18.8638	23.8651	21.6561	8.3301	48.34	51.2535	43.806	13.4169	65.0295	35.9964
312315	43.1531	51.3138	34.7734	16.5882	44.59	68.5656	56.446	13.2787	97.8817	0.2894
312316	44.6673	48.3855	33.4764	17.9883	35.28	72.6148	58.4442	13.7809	98.0431	2.7886
312317	44.636	25.5747	29.8755	7.7409	35.34	68.9441	56.1866	24.2236	98.659	1.341
312318	55.5874	72.2063	23.8636	14.0969	65.99	82.9545	67.4699	19.3182	0	101.433
312401	53.0612	38.2653	50.9804	6.8182	37.7	92.5373	40.7895	32.8358	0	113.265
312402	19.9444	10.2154	6.4407	5.8226	49.85	82.4953	51.2994	14.5251	1.5288	97.0813
312403	20.4678	11.863	12.3457	5.7518	39.44	61.5254	37.2573	3.0508	0	51.8797
312404	20	8.3077	10	15.9864	46.93	51.6949	47.2803	4.2373	3.3846	68
312405	24.9536	15.7699	23.7668	9.0123	60.39	69.6822	37.0066	6.357	26.9944	51.577
312406	43.473	37.9478	37.224	12.3352	58.21	78.1579	66.7536	27.1053	11.9004	88.8889
312407	24.5721	25.3451	16.6247	9.9759	55.4	65.2083	62.0495	24.5833	2.4296	113.363
312408	41.2387	27.0393	23.8329	5.8296	47.43	77.5047	53.7856	15.1229	9.8187	92.2458
312409	45.5229	41.1588	26.2799	10.8696	49.43	81.6583	66.0685	10.5528	20.6922	90.3687
312410	44.947	39.6903	35.7664	9.219	54.74	82.6409	68.9542	14.095	24.0424	81.9478
312411	45.1007	34.9359	28.2276	10.2564	57.64	78.3898	62.2935	19.4068	18.7042	94.6886
312412	29.4931	24.9424	35.4571	7.0069	60.15	71.1697	38.191	9.3904	23.5599	66.3019
312413	38.3729	27.1864	28.1481	9.0823	58.17	76	46.3869	9.1765	24.8136	49.4915
312414	30.149	21.1336	29.0206	7.6923	56.39	81.7555	46.6775	10.721	19.6922	73.0515
312415	28.7379	16.4401	22.1566	7.816	50.83	73.5537	58.0191	13.7741	1.7152	93.1068
312416	25.841	22.1127	16.4384	6.3341	56	85.3933	68.9352	33.1461	2.5927	125.177
312417	5.7143	21.9048	0	9.2486	43.58	86.5979	46.9027	19.5876	0	49.0476
312418	29.1209	4.3956	39.1304	16.3743	61.11	72.7273	24.0876	0	16.4835	13.7363
312419	17.8571	12.449	8.867	12.2253	23.56	72.3684	49.4017	8.5526	50.2041	39.5919
312420	39.7521	19.6837	27.4924	7.7594	41.76	84.9216	62.9531	15.4403	21.8423	97.4781
312421	22.5346	20.848	17.66	6.3063	44.5	78.523	56.8562	18.5637	0.5153	102.507
312422	26.3764	15.6657	19.1781	6.1354	49.36	75.6793	43.7553	13.519	2.5025	88.7138
312423	20.6259	10.8108	6.9168	7.2779	49.46	67.6492	37.5374	10.2804	3.6984	80.4552
312424	8.7141	13.5552	8.4337	3.6611	45.95	80.0395	33.837	3.8867	1.8154	62.2087
312425	28.63	23.5649	18.3505	6.0421	40.2	75.1295	57.3224	11.9911	2.026	94.6213
312426	49.3121	36.1209	29.602	8.7207	54.26	81.373	64.2939	18.032	15.5247	93.1751
312427	43.975	35.5634	32.2581	12.762	43.44	74.6744	60.3969	13.0246	31.2989	83.0595
312428	13.8633	11.6951	11.8497	5.0918	33.61	56.7485	41.9789	2.6074	0.3285	46.8463
312429	31.7952	18.5144	20.284	5.7311	25.44	71.7557	54.5532	6.5649	1.8008	74.1137
312430	15.9195	13.6398	4.5378	8.086	29.44	70.1163	56.2329	20	0.228	101.976
312431	41.0847	28.3587	14.8627	7.9563	37.28	68.2955	58.6622	10.1136	4.0411	94.7536
312432	43.8806	36.9818	16.9967	10.6372	53.47	80.787	63.1791	28.4722	4.9751	114.461
312433	25.8077	22.856	11.9584	7.8003	46.66	80	64.4326	10.4444	0.7978	88.7914
312434	23.7222	11.4853	15.2518	6.4617	45.57	76.8116	64.8763	20.0828	6.0132	113.289
312435	20.4436	8.8729	10.1928	7.6048	55.3	83.834	40.3592	9.4421	23.0216	69.3645
312436	63.3562	8.9041	0	6.1644	93.15	100	11.4068	11.4754	71.5753	15.0685
312501	38.8385	41.5608	28.1818	6.8452	46.17	64.8437	81.9923	10.1563	30.49	94.9183
312502	19.3315	19.9518	23.41	9.3629	61.46	41.2811	35.1828	13.6418	73.0875	23.5011
312503	15.5505	18.6524	28.6719	8.9029	51.34	54.0373	41.39	16.2871	84.9219	20.1109
312504	12.655	14.9559	20.5805	9.968	52.52	51.967	30.797	9.8106	84.8498	10.2645
312505	4.2841	4.9746	3.7398	2.2855	40.41	12.9738	20.2095	1.0569	4.7492	20.8568
312506	25.0097	13.7175	23.1234	9.4269	41.78	39.0863	32.559	7.1066	89.6779	6.5968
312507	24.7372	28.3225	31.693	12.8909	39.58	59.2854	37.124	10.0611	94.4132	5.3132
312508	23.0057	30.0269	25.3369	6.1102	39.62	47.3684	34.6366	10.8772	85.5692	11.5925
312509	33.0467	25.6757	33.9207	14.5794	38.45	54.7414	47.1491	0	64.8649	14.742
312510	25.8303	37.5769	27.5862	13.7021	30.62	60.1351	57.6674	9.2342	97.1095	3.8745
312511	21.2585	36.4763	27.9828	10.0833	24.08	63.7475	36.4248	6.721	98.9158	0.4647
312512	14.8545	34.7981	27.8019	8.6852	24.29	38.6555	28.7451	8.6325	96.2441	1.9906
312513	22.4867	26.2184	22.1227	11.1264	41.2	55.0891	40.1553	10.0633	96.2844	1.0134
312514	33.8945	32.1704	31.4516	11.4398	49.61	71.2895	41.7077	8.455	94.503	1.3996
312515	26.3952	34.1609	30.7317	14.3476	34.69	64.156	41.3291	14.8621	97.0407	1.7875
312516	25.5156	32.1876	27.4831	11.7478	35.09	56.0058	34.5722	13.7482	96.7448	2.0623
312517	34.8696	41.1546	29.9242	13.3513	33.94	50.7782	44.473	9.5331	95.9032	3.2123
312518	44.1181	44.3743	34.7983	15.0208	36.51	73.269	52.6809	12.1453	99.761	0.7854
312519	37.9235	40.7152	35.9701	18.4181	50.29	79.5325	61.7706	14.2338	97.522	0.9567
312520	30.2482	34.654	35.503	13.9666	49.47	83.6132	46.5481	14.402	98.0273	0.6905
312521	28.7548	31.5549	33.7389	11.6944	39.56	65.7092	41.3547	10.1773	98.7166	1.1986
312522	36.1413	39.3084	35.1808	13.4451	43.12	67.5509	46.0521	14.9558	97.8671	1.8744
312523	33.4002	37.3119	32.8947	3.1746	24.32	40.0749	36.1564	7.1161	100	15.0451
312524	14.6097	6.4108	9.0239	2.1867	50.68	57.4777	30.2051	5.1339	18.9272	27.4749
312601	36.5036	32.337	29.5082	5.8468	30.06	87.7358	59.396	2.0755	99.1848	0
312602	41.751	54.318	43.0556	19.5516	39.67	77.9592	47.7245	15.102	100	1.9655
312603	44.5516	42.2883	35.337	13.6483	44.86	80.9392	47.8485	9.6685	99.1199	0.8382
312604	31.8769	46.0775	37.037	12.2905	35.88	79.7491	49.389	13.6201	100	0.7944
312605	39.4224	35.5254	31.5868	15.2632	46.87	68.9698	51.5281	10.4271	100	0
312606	43.231	46.6489	29.2121	17.6825	38.83	63.0152	51.3514	11.1714	100	0.3471
312607	53.1228	60.5528	45.8929	13.4296	25.62	79.302	49.3213	18.8929	99.4975	0
312608	42.5283	50.0548	36.1963	12.9929	33.51	78.6026	48.2914	8.2969	97.1502	3.3248
312609	41.263	45.8614	42.6087	13.9925	32.63	71.6418	43.4783	11.5672	98.9577	0
312610	28.13	33.928	25.7457	12.0826	31.61	55.7243	51.5118	12.8505	98.9487	0.2867
312701	33.8542	50.7813	35.4167	19.9288	18.01	71.3043	42.0792	0	100	0
312702	39.9865	52.774	52.1341	7.2278	40.07	72.9204	42.0682	6.3717	98.5792	2.8417
312703	42.1527	37.7904	41.3502	7.9592	35.62	72.9687	52.5745	14.5313	96.9654	3.0346
312704	40.4669	24.5914	18.4564	9.5187	20.53	65.5941	44.4166	14.1089	100	0
312705	61.4355	48.3577	49.4048	23.0114	47.02	88.2917	39.0097	14.2035	100	2.0681
312706	45.4545	29.2581	44.8276	16.6667	57.11	92.1283	50.1916	10.4956	100	0
312707	60.9921	67.6437	71.8367	12.1154	28.38	85.8896	44.5274	3.3742	99.4363	0
312708	42.9455	58.0446	10.8844	11.649	23.24	75.6	47.8873	4.4	97.2772	0
312709	37.1795	29.4872	0	27.6596	25.12	58.6667	52.071	17.3333	100	0
312710	58.5515	47.3822	39.6296	12.3596	35.82	73.3333	57.079	7.1429	100	0.8726
312711	47.35	51.2	36.4912	14.8099	33.61	83.2845	47.8147	2.346	99.7	0.85
312712	50.1466	52.9619	41.5254	24.3028	61.62	80.0429	57.4935	13.3047	94.0176	4.2815
312713	55.7357	54.4144	47.6323	22.9391	29.86	82.9787	44.7585	17.4468	100	0
312714	41.1926	48.523	37.3134	15.4448	26.31	78.2609	50.9554	18.5619	99.2341	0
312715	44.6964	52.1457	10.3943	18.2116	23.49	78.4195	45.5714	6.383	100	0
312716	29.4785	60.0151	24.9012	5.2573	21.95	79.1209	69.4669	27.7473	98.1104	0.8314
312717	52.8595	35.3758	28.8194	13.4571	39.69	73.7838	40.8618	3.7838	100	0
312718	45.4758	52.1841	34.3348	13.3333	36.78	66.8731	54.9498	9.9071	100	0
312719	63.5167	37.9187	36.2963	11.9497	50.39	73.5294	50.9599	12.9412	84.8086	2.9905
312801	39.2265	4.9724	0	3.8674	80.11	62.963	27.0718	0	3.8674	45.8564
312802	69.4444	0	0	0	94.91	100	13.8889	0	56.4815	0
312803	40.8537	26.8293	25	15.1316	68.12	94.8454	10	48.4536	54.878	0
312804	69.4466	63.9127	63.738	18.9209	20.81	97.305	51.2739	34.7518	99.6882	0.5066
312805	86.3597	80.6255	62.5551	24.3132	36.24	96.633	65.8996	21.2121	100	0
312806	51.8987	51.8987	36.8421	58.3333	16.46	100	28.8889	0	100	0
312807	67.0251	83.871	60.8696	12	69.48	75.9036	48.4848	28.9157	100	0
312808	84.3274	58.7207	81.1899	13.5421	47.87	97.6744	62.6875	20.8576	100	0.1851
312809	59.933	45.4241	66.2551	14.7975	44.21	97.4359	49.6718	11.2179	100	0
312810	44.2857	82.8571	40	7.4074	15.15	22.2222	39.5349	0	100	0
312811	87.218	59.7744	23.913	9.6774	52.87	93.5185	87.5	28.7037	100	4.1353
312812	44.8405	43.9024	27.027	10.2362	17.67	61.1399	68.2353	20.7254	100	0
312813	51.8263	35.9752	45.8716	7.5905	28.72	94.4444	66.2827	2.7778	99.5865	1.9297
312814	36.6864	50.2959	33.8235	19.7952	53.33	75.6757	46.9484	4.5045	100	0
312815	69.1406	69.1406	41.2214	13.8132	35.64	83.5125	51.1568	17.9211	100	0
312816	65.2425	35.7968	14.6341	4.5122	48.63	94.7735	73.7562	6.446	95.0346	1.8476
312817	44.8367	28.9497	43.2749	4.7572	45.19	89.2944	47.2843	6.0827	61.6064	8.4731
312818	51.4774	0	0	17.6471	76.21	100	49.009	0	63.6081	9.0202
312819	8.746	0.5796	3.5831	3.7846	90.51	100	8.945	1.4001	11.117	18.0717
312821	0	0	0	5.331	94.5	0	0	0	11.6079	22.356
312822	22.2222	10.5764	9.0452	1.7636	61.44	63.1503	20.21	4.9133	7.962	34.5217
312823	8.0473	16.568	0	0	49.94	50.4425	29.304	0	0	32.7811
312824	19.3108	1.9608	10.0865	3.5669	77.06	77.5751	15.0294	4.9356	13.5472	29.59
312825	6.1017	13.3898	17.6471	5.042	63.41	98.452	13.3676	15.1703	31.1864	55.7627
312826	26.1261	15.3153	43.4783	0	59.05	54.5455	19.6721	18.1818	22.5225	113.514
312827	28.7168	30.3561	21.1488	12.5418	50.55	55.9322	56.4047	23.5169	35.2176	78.9712
312828	21.5404	6.9505	12.1019	6.5199	60.55	70.8911	49.1342	21.5842	7.1384	108.892
312829	7.8134	3.8786	7.6923	9.8086	74.74	70.4819	16.9697	13.8554	12.4227	62.6756
312830	9.1168	7.265	0	1.6155	71.96	70.8861	46.8665	17.7215	46.0114	48.433
312831	38.9778	22.1225	25.7827	3.7565	55.34	90.3981	28.6232	5.3864	41.7089	31.2524
312832	67.3084	63.2268	71.2098	15.6948	50.95	92.5888	48.2567	11.066	87.1005	1.8483
312833	26.465	4.3478	12.069	12.1951	71.57	74.2515	38.0074	17.3653	7.9395	90.9263
312836	100	0	0	0	0	100	0	0	0	121.053
312837	73.5849	66.0377	100	27.7778	69.23	100	100	50	33.9623	66.0377
312838	70.0351	59.7737	58.9942	14.606	55.67	100	49.1211	18.6358	99.7269	0
312839	81.7882	76.4158	70.4167	18.7432	37.39	97.6103	57.7925	21.6912	99.7673	0.1939
312840	49.678	44.6182	37.1179	13.9506	27.53	71.2838	46.6338	6.0811	99.172	1.196
312841	51.7707	62.7319	35.2518	3.4247	39.67	72.8571	62.7778	7.619	100	0
312842	58.5627	63.6086	45.4545	12.8603	31.58	67.713	61.3333	11.6592	100	0
312843	100	63.6364	100	64	36.36	47.3684	0	0	100	0
312902	66.1184	67.5164	48.0916	10.9233	60.32	94.086	59.5903	17.2043	100	0
312903	47.1545	66.3957	45.9016	6.25	64.15	80.4511	73.5149	3.7594	100	1.2195
312905	62.9353	73.3831	77.8409	11.2676	45.25	100	51.7857	22.7848	100	0
312906	45.1613	75.7116	35.6522	19.1549	22.31	85.0575	59.7973	12.069	100	0
312907	25.5446	41.0891	25.2101	8.6076	22.14	54.4803	34.6154	9.319	100	0
312908	44.2623	43.1274	52.2013	14.5709	64.16	83.3333	36.5535	18.5606	95.7125	1.5132
312909	45.4326	50.8093	40.7073	12.0086	35.07	75.9304	47.8668	10.4442	99.3488	0.5953
312910	49.3927	55.7085	24.8148	14.2202	33.88	77.2947	65.5882	16.1836	99.1093	0
312911	55.2347	50.5641	51.3406	12.8261	43.78	86.4341	52.5813	11.7829	99.3231	0
312912	64.8131	51.4923	44.6176	19.8522	43.81	83.6165	51.7288	17.8398	98.3349	0.3142
312913	59.2755	65.4689	46.2532	9.8375	53.38	86.4389	52.2324	17.0807	99.8831	0.2337
312914	44.6043	32.1527	50.2762	11.4481	43.25	81.3305	66.6992	7.9399	97.565	1.6048
312915	67.7947	59.4677	49.7006	11.0204	20.92	81.407	61.0778	41.3735	82.8517	21.3688
312916	40.5074	34.9081	23.7037	9.7561	27.07	73.3813	69.808	20.1439	18.9851	100.875
312917	24.4828	41.7241	27.6498	11.0947	28.1	80.5281	42.278	6.2706	99.0805	0.9195
312918	71.5328	63.6861	60.7843	31.7568	59.07	93.4673	57.2052	0	100	0
312919	35.3357	33.5689	37.3626	23.2	22.55	76.0274	44.0972	31.5068	100	0
312920	64.9648	49.1197	43.7984	10.2628	17.06	73.7024	40.7942	11.7647	100	1.4085
312921	30	35.5556	13.253	19.0094	28.3	56.9106	53.7519	3.6585	100	0
312922	46.7663	51.0779	19.7628	12.3707	38.58	68.6941	53.2301	12.8801	99.7413	0.6611
312923	54.1629	38.9753	28.7554	11.0632	21.64	52.4476	55.3957	15.035	95.4254	4.3916
312924	37.6633	35.1924	37.8965	15.2491	45.21	77.0529	39.8154	17.9978	97.1761	0
312925	33.0004	43.7259	39.4628	16.2082	31.35	66.971	48.6278	6.5521	99.8247	0
312926	32.3936	34.8811	16.5591	12.8384	26.17	63.1193	53.94	11.0092	98.6733	0
313001	34.8155	20.9426	18.8825	6.2074	49.28	72.4613	76.9153	32.5301	1.0227	140.107
313002	57.1695	35.568	29.0749	13.8514	49.44	92.6984	80.9829	30.7937	7.4488	117.877
313003	40.9425	12.9131	24.4068	6.1355	46.7	91.4246	71.8336	9.1286	42.7173	82.5581
313004	16.3386	27.7559	0	3.523	6.31	52.4476	69.9301	23.0769	64.9606	62.0079
313005	23.4036	9.065	17.5092	7.654	40.89	65.0829	70.4169	25.4144	11.146	128.791
313006	23.7855	9.2713	13.7008	8.0645	40.21	61.3111	62.92	23.6504	19.8164	116.558
313007	35.0584	15.3756	11.5849	11.4989	43.62	69.4776	72.4952	38.6567	4.0902	141.753
313008	20.996	7.4061	10.0586	12.2403	40.86	70.3163	76.4439	37.4696	0.4743	151.915
313009	37.2975	9.1003	11.4912	11.4293	48.65	72.7947	79.1936	44.6256	0	154.671
313010	13.779	11.9372	2.7586	8.2377	67.61	64.4315	72.2054	26.2391	0	156.548
313011	28.455	8.0085	7.1804	8.2379	53.27	71.1044	71.7391	44.4781	3.012	146.563
313012	30.7865	16.4425	21.9012	8.6356	37.23	72.2628	68.6992	29.5215	7.9055	126.06
313013	5.5145	2.4329	42.3729	0.5662	66.06	83.8235	45.3488	23.5294	72.4094	23.3195
313014	21.1732	8.7993	14.4796	8.7719	38.79	51.25	65.8491	40	0	152.337
313015	19.0501	5.8596	9.4315	11.0364	53.25	58.0571	78.2584	40.6857	0	150.103
313016	13.4779	5.6739	9.1171	7.7416	42.02	57.1076	70.4731	37.387	0	146.579
313017	16.7625	7.9822	3.956	6.9696	39.58	56.0669	74.5347	33.5658	0	148.456
313018	17.5549	7.3792	7.6895	10.8377	48.16	54.7863	66.6159	32.36	1.5081	140.615
313019	5.9701	10.51	8.3591	7.3451	42.6	37.7892	63.0295	26.9923	0	125.995
313020	19.4139	10.5128	7.0513	6.42	42.32	32.7611	65.2477	37.7682	0	133.333
313101	35.7143	19.2857	0	11.7021	48.72	86.7257	66.1765	20.354	0	126.429
313102	20.3555	17.3165	10.9145	5.5068	40.05	77.0764	57.3515	15.2824	1.5482	105.218
313103	21.0664	7.4752	15.2542	5.1752	37.35	74.6858	56.5909	26.93	0.4182	134.867
313104	18.241	9.4463	6.1281	8.5154	35.11	66.0377	71.0817	31.1321	0.4343	131.705
313105	32.8594	13.3491	10.7143	9.8143	50.19	81.8493	74.4403	44.5205	0	150.277
313106	39.6982	8.8247	11.2063	9.2152	50.38	85.9067	75.7178	32.6599	3.1973	147.819
313107	27.1456	22.0971	13.1579	11.8207	42.02	75.1159	70.1976	25.6569	1.0874	148.117
313108	31.9687	10.5826	9.6434	8.0303	49.24	76.9847	66.9112	29.2862	0	144.573
313109	31.4497	14.0188	11.038	9.4754	42.38	70.9988	74.1603	30.7461	0	142.473
313110	16.4883	8.2054	16.4063	8.8471	47.95	70.8791	63.1409	28.2051	0.3568	138.7
313112	67.5	50.4167	42.029	6.2937	40.78	71.6049	56.4356	6.1728	0	80
313113	21.8952	10.2693	10.7527	6.7034	42.15	68.6747	60	14.1408	0.7514	113.087
313114	19.6301	11.9727	13.4128	6.235	39.69	66.0487	64.7059	18.8876	1.1356	124.27
313201	3.7211	0.7537	2.0091	1.2315	59.73	57.773	3.2048	0.6869	8.4079	12.3175
313202	17.7778	0	0	2.0101	82.41	100	3.5256	0	13.5802	22.2223
313205	7.9496	1.1466	3.7778	2.6495	78.15	66.5408	12.6844	2.719	22.0524	13.9882
313206	24.6006	5.1118	21.5596	7.8992	63.18	100	14.8848	0.6076	47.1246	13.4718
313301	29.2265	17.7033	26.9737	4.0166	45.77	99.0617	32.2955	3.2172	89.3541	3.429
313302	71.2556	54.1109	57.5658	17.3018	42.99	93.9302	62.3188	10.9256	94.5188	2.2307
313303	85.9911	76.5648	73.4214	16.9903	43.65	100	56.3986	22.7972	99.8137	0
313305	0	22.0339	0	6.6667	100	100	0	0	27.1186	52.5424
313401	0	0	0	0	0	0	0	0	0	0
313402	31.8514	16.6022	7.885	6.1858	46.65	72.1005	60.1231	19.3299	8.3548	68.9862
313403	18.7015	10.868	5.5402	3.2746	41.97	59.8246	43.3115	10.7018	6.9866	44.1072
313404	24.6377	15.4783	1.6746	3.5176	59.06	67.1329	43.3105	26.049	0	69.3913
313405	27.285	12.6608	6.5744	6.786	32.01	81.1859	49.3277	0	29.8578	10.9682
313406	88.5057	71.332	63.2479	16.309	47.97	100	47.2834	13.0518	100	0
313501	9.3142	2.4565	16.474	4.1712	54.46	99.7925	3.3549	1.7981	75.1279	14.739
313502	60.9775	41.2753	53.9557	10.2308	45.54	98.005	38.7931	7.4813	99.7709	1.8328
313503	2.0344	1.9562	17.9389	4.1667	56.76	89.6601	3.2787	4.9575	87.0892	1.3302
313504	81.0401	66.9556	75.9259	15.9854	32.27	100	55.2984	37.3117	98.8805	0
313506	20.9422	0	15.2542	3.1447	73.88	94.0577	42.3108	22.5806	35.9588	31.3213
313507	35.8934	24.7649	2.6738	6.2278	33.74	82.0996	56.7179	3.0956	97.884	0.4702
313508	4.7138	44.7811	0	5.8824	37.22	37.5	30.7292	9.0909	100	0
313509	18.3486	18.3486	0	0	65.38	28.0702	0	5.2632	100	0
313510	4.7014	9.8892	15.493	3.3462	30.39	95.8196	11.9805	1.8788	95.9741	1.3239
313511	60.6906	52.5517	51.4658	10.6961	34.92	98.6584	44.1209	10.7327	100	2.049
313512	38.3874	31.9895	36.5546	7.8675	28.85	87.3333	51.7919	10.8333	97.8966	0
313513	32.1769	49.6097	21.3953	8.0357	18.87	72.7003	56.1503	11.8694	98.0919	0
313514	38.4679	32.5562	47.4403	23.2949	34.22	79.0741	53.163	8.8889	100	0
313515	85.8498	79.1134	82.2407	17.1537	40.13	100	61.9777	27.0431	99.4967	0.1161
313601	33.2698	43.3746	60	17.0839	47.67	98.103	44.7423	4.878	97.1401	3.6225
313602	79.7846	68.5307	56.4907	24.6051	42.53	98.2043	45.5118	17.8451	100	0.2779
313603	92.4347	79.7017	74.5843	19.0424	45.03	97.2399	65.154	27.1762	100	0
313604	60.3499	64.5044	48.5185	12.2651	38.44	92.4847	57.2282	9.3558	98.9796	0.5831
313605	65.5882	71.3725	47.2727	15.1471	36.52	80.0532	51.107	13.0319	100	3.8235
313701	51.1129	56.5183	29.108	7.7286	52.87	84.5688	69.6468	1.3616	99.2051	0
313702	38.0349	48.336	29.0323	7.0175	26.81	58.4541	41.8663	7.7295	100	0
313703	54.1353	55.0125	36.8421	11.8644	39.5	59.2308	43.0952	20	98.4962	1.1278
313704	54.2065	70.2677	32.7014	14.0665	40.93	64.1379	58.2192	4.8276	100	1.5296
313801	68.8836	38.9074	40.2116	9.8168	30.5	82.1185	60.4022	7.4032	98.5748	3.5155
313802	40.0963	42.4443	31.9489	7.2987	33.38	96.4575	49.3724	6.3765	99.7592	0.903
313803	67.8705	77.1576	39.6277	13.4207	44.63	93.2224	62.6609	9.3936	98.6867	0
313804	69.5423	55.1056	58.4362	10.0381	39.3	92.9006	57.0108	7.0994	100	0
313805	87.6902	87.9668	68.0473	14.2071	44.77	100	65.7821	20.4409	100	0
313806	87.4589	81.5991	71.5311	30.7059	38.82	100	65.4321	26.3158	100	0.7667
313807	65.6009	57.4789	65.1601	9.3695	41.55	93.6321	66.0823	17.9245	99.7795	0
313808	56.2541	53.4745	27.707	12.226	42.07	89.8413	55.054	8.7302	100	0
313809	48.6686	29.915	30.2181	19.1489	40.06	75.265	52.6912	10.6007	99.6601	2.6629
313810	77.051	80.5432	71.393	10.2665	34.44	92.0086	48.5938	25.486	100	0.2772
313811	59.465	75.7202	61.4583	12.5767	25	95.2096	55.9671	15.5689	100	2.0576
313812	45.6385	48.1565	26.824	9.8882	42.17	90.5419	59.9596	3.7438	99.5953	0.8094
313813	80.8874	86.0068	79.4118	16.4634	33.2	100	53.4653	4.8387	100	0
313814	39.1328	38.103	13.3705	7.1819	44.49	91.1877	48.6586	11.8774	97.7236	1.897
313815	80.0297	62.2866	63.0631	20.1299	55.13	98.4014	46.6667	8.881	100	0
313816	75	82.1429	75	13.8889	52.31	100	57.6923	13.3929	100	0
313817	93.7789	85.6379	77.7906	17.1809	43.02	100	72.6744	21.0419	99.7813	0.3645
313818	38.7131	31.8565	37.5	14.3377	39.63	89.335	41.8089	13.2999	99.6835	0.8439
313819	48.9347	56.7472	34.9206	9.7773	50.83	81.2057	39.2419	6.5603	100	0
313820	38.2956	40.9924	28.8848	9.6673	50.31	90.5314	38.7534	6.2802	98.4898	2.3373
313901	61.5044	48.9381	52.669	12.8797	46.78	82.7664	52.7548	10.6576	100	0
313902	32.2436	37.1795	35.6757	13.7871	35.38	79.6875	36.8026	16.4931	97.5	0
313903	56.1653	42.3758	49.2	7.4109	56.97	97.0248	57.9135	9.8347	96.2834	1.5283
313904	35.2414	27.3364	38.7211	7.8187	45.43	77.9264	37.3778	3.9298	98.053	2.3754
313905	19.5497	18.2867	12.2685	6.0847	47.22	77.2849	18.159	4.1667	78.6381	4.8325
313906	11.3359	6.2368	15.3355	0.9756	58.24	67.9193	5.5258	0.7333	57.0164	8.1753
313907	7.149	1.4708	16.5811	1.3892	52.19	68.7265	7.0606	0.9529	55.2078	13.5283
314001	39.8968	45.2709	30.4348	17.6681	51.07	91.0569	48.7106	13.5889	99.3551	0.9888
314002	87.2648	87.1359	74.359	14.6409	40.38	100	65.1584	28.4314	97.8345	0.0773
314003	45.3395	49.5972	24.3902	12.035	41.92	87.6206	49.8781	4.0193	100	0.8631
314004	57.711	62.4594	46.0417	12.6697	50.2	95.629	55.1227	16.6311	99.4724	0
314005	52.6715	51.874	39.2562	7.139	53.79	92.3454	53.75	11.6781	99.7608	2.2329
314006	43.6019	55.5687	25.1185	16.6667	42.05	72.0588	56.9832	0	100	0
314007	39.1431	56.8627	41.4013	17.0606	44.58	95.4233	44.9011	14.8741	100	0.5084
314008	58.9182	56.9363	46.0022	14.1198	41.35	94.183	46.551	13.3333	98.6477	0.886
314101	18.4958	15.8774	17.4528	3.924	69.7	79.3886	9.8582	5.6213	52.4791	13.4262
314102	27.6946	6.9611	13.0612	3.8949	79.12	89.5582	2.8649	5.6225	45.5838	17.1407
314103	13.7029	3.3473	13.1313	8.1409	49.51	68.6321	6.7239	0	69.5607	9.205
314104	23.4222	13.885	19.8925	11.7347	47.41	69.8052	26.2452	2.9221	95.0912	3.2258
314105	20.576	23.2664	18.3824	8.8112	60.39	83.6522	25.4188	2.6957	84.8427	2.3493
314106	26.1568	8.9625	10.4701	4.918	62.8	73.0375	7.0997	3.2992	37.7009	18.1198
314107	13.5194	2.0061	10.7071	2.6477	74.38	74.8629	5.3239	2.1024	32.6646	20.3663
314108	19.1503	4.4142	22.2025	3.8245	62.62	70.9329	7.8876	2.446	47.2287	12.3797
314109	12.443	5.1445	13.1171	5.4479	64.66	66.4696	6.7147	2.4181	36.1632	15.1546
314110	16.9372	2.2971	10.034	1.2264	60.11	72.7226	4.6617	1.7598	24.5942	21.4396
314111	11.8873	1.5438	0	0.9615	52.54	54.4732	3.5817	1.8887	7.1787	28.1745
314112	12.8604	2.8375	4.5752	1.7866	58.9	55.8962	3.125	0	7.4142	20.0915
314113	6.1224	0	13.7255	6.8429	77.05	18.1818	0	0	5.102	22.5947
314114	19.4133	1.4668	8.6022	2.997	72.44	85.8223	7.7022	3.2136	22.8645	28.5591
314201	30.643	33.0369	36.5591	9.0909	31.99	91.481	41.2698	9.4364	100	1.026
314202	32.5776	43.0191	28.5156	15.3792	53.35	89.1129	47.1374	4.8387	84.7852	6.623
314203	47.0836	45.2444	45.6233	14.8359	52.82	89.9696	46.4487	17.6292	83.2895	3.6259
314204	33.5979	28.9683	49.1477	12.3629	57.25	96.4427	27.7992	1.1858	75.6614	10.7143
314205	36.0248	39.0324	39.589	12.557	46.04	88.3333	39.9898	8.75	100	1.4057
314206	37.2585	45.4309	34.4262	9.4311	44.44	87.0528	38.7694	10.8177	99.5914	1.2259
314207	28.9004	37.3144	21.5532	10.6141	42.9	72.3764	41.295	7.2376	99.5266	1.7001
314208	41.0303	44.8487	35.0825	12.1451	48.71	80.0564	48.2951	11.3829	99.5677	0.3963
314209	27.2952	41.5254	27.6995	10.3774	53.07	74.8842	48.3397	5.7461	98.0932	1.3065
314210	38.4014	40.5048	30.6667	12.0063	64.95	89.0203	60.505	12.1622	98.1971	0.2404
314211	49.4281	54.1842	50.6562	19.6396	48.29	91.1392	49.5624	11.8671	100	2.348
314212	33.1026	34.6759	21.6718	8.2938	39.26	65.9843	39.5753	7.4016	99.056	2.5173
314301	25.0097	21.206	34.4412	6.5892	56.79	86.0742	22.8538	3.3327	97.8513	1.6647
314302	24.0877	23.2788	40.8148	9.7076	49.29	83.9984	28.5034	4.9388	96.7823	2.5526
314303	55.4777	50.3135	50.3155	18.8689	47.37	85.0563	35.1943	6.4483	99.6311	0.4426
314304	29.5818	31.2116	21.6389	11.9756	45.79	62.9182	38.9463	11.3383	98.032	1.845
314305	41.1332	32.2775	44.2638	12.3721	57.24	87.4877	36.5722	5.6428	99.7546	0.8477
314306	26.6446	27.4018	36.518	10.8216	50.64	67.2973	20.3448	10.2703	94.6522	2.6976
314307	21.9961	14.5988	30.6321	9.7049	60.14	87.4895	26.0441	5.8774	90.5675	7.7103
314308	25.6292	24.756	20.4651	6.8414	32.49	61.5282	27.2436	5.2279	98.0996	4.9307
314309	19.2206	14.06	15.3846	6.0407	38.41	60.7818	22.8503	1.261	98.3149	1.9484
314310	22.8233	30.6002	22.179	6.8462	42.83	52.1341	30.6473	14.939	100	0
314311	16.7595	23.9177	28.927	11.6716	37.73	66.8783	27.4034	4.0212	97.5354	2.0789
314312	16.1097	30.2872	16.9346	10.9318	32.33	27.3476	28.5073	5.4366	98.6684	2.7154
314313	33.5723	28.3118	36.8975	11.7287	50.78	85.278	31.2589	10.4293	98.5864	3.019
314314	19.692	17.9404	32.8867	7.7713	49.17	79.4781	21.5372	7.4733	94.7874	3.6304
314401	20.6122	19.127	31.1588	8.5033	44.92	84.8822	29.9022	5.9762	98.9683	2.8685
314402	12.9029	13.9843	17.7924	5.4241	33.78	70.7789	23.8036	2.4369	98.2152	0.7979
314403	12.0305	9.1785	11.1026	8.0028	24.83	40.1467	21.8397	1.0541	99.2368	1.1046
314404	12.9341	20.7665	11.1005	8.3059	32.28	31.6838	28.9638	3.5052	98.1796	1.8204
314406	7.769	19.895	9.6838	9.0619	23.09	7.3394	28.1004	4.893	99.2651	3.3596
314407	11.0458	21.0928	10.2784	6.5278	22.73	29.2913	23.2158	0.6299	99.6475	1.8801
314408	18.7439	16.1636	31.4917	10.4392	34.76	61.7197	34.0961	4.0047	98.9776	0.8277
314409	13.1252	21.3042	16.8889	10.7581	29.79	39.8815	34.2173	7.1126	98.4526	3.758
314501	29.1667	19.0217	43.1655	9.7619	28.66	58.0786	41.8239	1.7467	100	1.6304
314502	15.5578	15.1393	11.0544	8.2152	20.68	17.5814	20.6148	5.9795	98.73	0.2309
314503	7.8487	15.3901	15.0259	7.1718	25.05	30.1823	22.5263	5.1992	99.1489	1.3948
314601	24.6539	26.8073	27.2556	11.3546	46.84	54.878	43.0982	10.7189	56.1195	45.6823
314602	33.4522	25.144	25.8303	15.877	37.9	65.9259	56.9347	17.6852	17.96	97.587
314603	25.5586	32.5675	24.6759	12.6383	40.34	50.5483	39.9471	15.2812	67.9701	36.5725
314604	11.5419	19.697	17.4222	8.5962	29.41	44.3691	25.1185	5.4274	93.9171	6.5953
314605	14.5896	20.7118	10.8884	8.5967	25.87	38.0933	17.5884	4.0568	97.682	1.0226
314606	26.0377	26.7925	30	6.3256	41.9	55.8195	40.6494	10.4513	62.4528	56.4151
314607	34.9721	17.743	28.7149	15.0394	47.44	76.3116	67.6688	22.1781	27.2626	105.073
314608	35.9029	44.9842	28.2609	14.4393	38.56	69.403	60.7375	19.403	61.1404	49.4192
314609	33.4967	26.7974	16.6667	14.3371	42.76	74.7774	60.9635	17.0623	12.9493	116.994
314610	38.879	27.8473	24.9315	5.1978	40.01	89.525	68.1897	5.7247	51.8784	60.5844
314701	21.3353	35.5588	21.9895	13.2981	30.11	35.0312	33.5044	8.9397	98.3454	3.0479
314801	5.3647	15.7082	11.5804	8.314	17.93	15.3675	21.5708	3.118	98.3018	0.579
314802	7.7479	11.4905	12.8603	7.3815	31.1	45.1613	13.8838	1.2903	100	0
314803	5.4555	8.347	10.3226	9.1851	35.17	35.0671	21.134	8.0537	97.3268	4.3644
314804	7.7661	15.4123	9.3287	7.5276	27.36	11.3284	15.6299	3.26	95.5375	5.6614
314805	10.1775	17.1043	14.6853	7.4569	30.9	24.7154	25.6997	8.6179	78.8447	24.056
314901	24.5223	26.7516	39.1892	18.1053	41.75	79.5122	53.4535	4.3902	100	0
314902	26.4532	37.9949	20.085	13.4155	30.18	76.6412	30.7793	5.0382	99.7192	1.5445
314903	9.8485	9.3434	12.4821	6.954	18.05	13.4831	18.152	0	99.4949	1.8519
314904	17.6101	22.8774	22.2874	12.2428	22.85	29.2784	29.5063	0	99.2138	1.7295
314905	13.5084	23.5322	12.4774	5.6282	16.06	14.5729	24.875	2.7638	99.2363	0.2864
314906	9.0027	21.8868	12.7119	11.7497	27.03	11.3402	32.3966	9.1065	100	0
314907	13.5968	28.1686	4.388	10.7923	23.68	11.3703	38.1811	9.3294	99.8682	0.3426
314908	11.7026	18.8578	11.8062	10.2523	24.46	19.6416	28.8443	8.8904	96.4871	0.3233
314909	15.6795	24.8933	16.2556	11.1665	30.82	41.4914	27.7198	5.9434	98.8972	0.7559
314910	24.7634	36.7376	23.3547	16.8137	25.28	33.2122	41.0832	10.5345	98.4359	0.3417
314911	7.0166	17.6011	7.6479	6.4371	20.18	11.0556	31.3553	4.6221	99.3374	0.3908
314912	11.0873	19.7148	10.9955	8.2573	26.69	12.283	23.3861	4.8064	99.7861	0.2852
314913	38.0888	39.2382	24.2004	13.3856	38.86	44.8454	40.9436	13.5739	98.8957	1.5551
314914	32.0438	35.9823	33	9.7512	50.69	71.1127	32.1444	9.9484	98.1589	3.7287
315001	9.1624	16.7528	15.5133	8.3226	24.7	43.4652	25.7768	6.7746	98.1799	2.6474
315002	37.3113	30.8411	41.1955	11.135	40.2	53.1542	40.1768	10.0467	92.092	9.1302
315003	15.1129	10.9438	8.216	4.7861	37.58	49.4532	37.6563	7.0474	3.3584	55.4719
315101	16.4175	12.3922	12.7336	6.8668	28	34.6018	48.7517	9.3805	0.6038	86.5152
315102	13.4859	25.7873	26.3104	7.8861	34.72	12.3967	32.7926	8.4481	76.9852	18.3311
315103	11.8953	16.8914	22.3333	9.1099	22.68	15.0665	23.5804	6.7947	98.8739	1.7287
315104	0	0	24.3243	9.1837	0	29.1667	16.25	0	0	38.2609
315105	34.5727	28.8508	27.7778	10.2317	34.54	60.0486	54.8036	17.5851	32.6412	74.5292
315201	21.9092	12.5717	9.0909	8.5316	42.71	47.7686	57.8462	14.5455	0	103.704
315202	20.5858	14.0159	13.9353	10.0113	46.55	48.9307	51.1767	7.9555	0	82.3159
315203	18.0451	11.1625	9.7398	8.1638	34.92	25.9675	45.8693	6.1133	0.0386	58.9165
315204	5.0474	6.3859	4.4239	3.671	35.14	27.8751	36.345	2.4372	0	49.4144
315205	5.7628	7.8724	5.1305	3.8449	24.26	10.3915	30.5335	4.1281	0	24.6205
315206	5.7207	6.7117	7.6555	3.2471	28.26	12.6179	39.631	4.3632	0	43.4684
315301	27.1201	19.5788	15.5102	13.6105	48.29	52.2199	54.5343	17.4419	51.0245	64.9971
315302	24.806	38.2776	28.2205	17.0217	33.09	37.4483	32.5734	11.9318	99.5293	0.547
315303	11.5192	25.9878	15.5756	9.7034	25.99	10.712	29.0721	9.8628	98.3862	0.7234
315304	7.4338	7.5919	13.6738	14.3948	32.3	13.7394	24.1481	2.9745	94.5433	5.8126
315305	18.3119	25.3148	16.878	9.4749	34.48	20.4426	25.4809	8.1679	98.5503	1.5172
315306	22.3549	29.588	31.8526	11.9368	35.52	46.6361	28.1498	12.2324	95.7865	5.2903
315401	62.8315	56.6768	55.5513	15.7273	37.93	85.3388	44.1248	15.7378	97.8006	2.4027
315501	9.0062	7.5381	2.2703	5.0482	29.68	22.4468	37.9603	4.5035	0	20.6946
315502	4.751	6.5531	4.7149	6.1684	14.61	8.5532	21.9661	3.5487	2.4902	19.6265
315601	10.9628	12.2021	1.5209	7.7307	37.23	24.3671	34.2995	10.7595	0	68.6368
315602	36.7266	45.809	31.9923	15.2307	23.91	54.007	45.7975	21.8641	100	1.3308
315603	5.9528	7.5265	2.458	2.5138	21.35	3.7657	34.0415	3.1381	0.65	27.3691
315604	11.1801	6.6548	3.0717	4.1896	17.17	2.7431	47.3404	7.4813	0	37.622
315605	1.9573	6.4057	3.4247	5.6522	32.95	17.9245	54.3081	8.4906	0	27.2242
315606	3.0387	1.8416	10.5072	3.733	35.99	42.3729	40.6579	6.3559	0	30.6629
315607	9.2982	4.9163	4.7679	3.9265	42.11	28.9572	36.6882	4.4693	0	28.8564
315608	6.6277	5.1773	3.0738	2.8917	27.95	19.285	36.828	2.6183	0	13.6987
315609	2.8092	2.419	2.4617	2.4772	23.08	5.7024	31.8146	1.3997	0	14.3777
315610	3.4286	2.7959	2.6499	2.4757	24.94	8.7429	30.0191	1.9659	0	14.3266
315611	5.5458	1.7184	3.2938	2.2972	19.08	7.4342	34.5767	2.6846	0	15.3876
315701	7.9781	1.2022	8.2305	2.1136	27.91	39.2208	45.0925	1.2987	0	32.1311
315702	3.0443	7.3461	2.8302	3.9523	25.74	10.3189	45.9582	6.1914	0.728	27.0681
315703	4.1991	4.6769	6.3462	6.5777	32.78	33.7128	47.5542	3.1626	0	41.1114
315704	4.2536	6.5811	2.4691	3.3948	38.73	51.6874	42.3767	2.1314	0	39.0048
315705	3.6755	8.8086	2.1368	2.4854	18.88	27.0567	38.2203	1.8282	0.6337	23.0038
315801	14.2857	1.7804	10.3189	6.4554	50.3	47.0668	47.7536	9.2769	0	71.3014
315802	11.1771	18.4771	9.4256	4.7803	38.41	37.006	54.2442	15.0898	0	82.1516
315803	20.9419	14.0375	14.7773	8	56.58	43.3276	51.9468	32.409	0.5944	116.461
315804	11.5859	10.478	2.963	3.1662	34.19	43.3005	43.769	5.9046	0	42.3552
315805	10.3141	6.6604	7.2513	5.3141	41.18	53.9474	46.268	7.4446	0	61.5478
315806	11.4008	8.0777	9.979	3.9255	45.72	52.2648	41.9578	7.7352	0	70.0409
315807	13.6173	12.7309	10.0095	6.4229	46.64	45.9027	45.4786	3.8641	0	58.5078
315808	21.9843	18.8437	13.3333	4.4699	48.32	50.9881	50.125	5.5336	0	71.3062
315809	7.9951	7.1689	9.8551	6.4457	38.97	52.0781	46.2605	4.1562	0	55.5529
315811	23.4652	16.5075	18.7192	10.5263	60.45	45.0758	53.7349	15.5303	0.8186	59.618
315901	53.5519	0	0	0	67.05	42.623	73.913	32.7869	0	146.995
315902	9.706	11.9211	10.678	3.1679	35.95	47.7816	44.8539	4.2093	0	48.8924
315903	10.293	8.5907	8.7171	5.4125	44.12	35.6877	42.0041	7.311	0.2771	61.7578
315904	14.8358	17.214	15.8654	5.7692	44	61.8519	44.4231	9.6296	0	58.3239
315905	3.2397	4.5356	0	8.2652	30.59	50.099	30.2428	1.3861	0	48.7401
315906	15.9131	7.9417	15.8365	7.2148	35.86	54.8061	47.3471	9.2749	0.0892	59.6371
315907	5.5038	7.932	12.6878	3.3459	41.54	51.0682	47.2168	6.8159	0	60.34
316001	13.6943	7.9618	11.2903	6.0377	44.27	62.766	40.7609	31.9149	0	70.7006
316002	19.8718	5.2198	3.6232	5.7387	57.26	52.3677	46.1087	23.9554	0.7326	62.9121
316003	24.2206	10.4317	5.0661	4.918	47.5	57.0968	50.6173	4.1935	0	45.6834
316004	15.534	9.8924	11.1111	4.3146	36.02	61.6018	46.8199	10.7036	0	52.8995
316005	16.8556	6.198	2.9762	3	39.5	41.0148	51.1917	11.6279	0	52.8345
316006	9.0297	10.7723	10.6181	5.288	49.16	53.5354	39.5859	5.7576	0	46.8118
316007	11.4984	5.7945	11.0647	7.6067	49.29	47.5331	48.0356	9.3863	0.2716	52.1503
316008	9.5625	12.0252	4.5249	7.6137	45.32	62.0053	46.6294	6.8602	0	51.2706
316009	22.0735	18.9584	22.314	6.9435	47.87	71.3287	51.7677	11.1888	0	59.7955
316010	14.6262	7.4756	8.9172	5.8184	37.18	60.7703	33.787	7.2753	0.4334	43.5537
316011	3.3776	6.2123	5.4321	4.9574	34.94	62.4791	30.1961	3.6851	0	32.9915
316012	2.4783	0	6.3063	2.3091	32.5	36.5517	41.8994	0	0	51.1772
316013	14.1553	14.6119	8.8889	13.1737	16.76	67.8161	27.3438	11.4943	0	55.7078
316014	15.5811	11.2388	7.4561	8.8023	43.2	58.0986	43.3276	2.8169	0	47.6373
316015	16.5991	13.6037	11.5854	5.3728	36.06	50.423	43.0108	6.6836	0.1248	34.415
316016	15.8859	6.9246	7.0707	9.116	48.82	35.7664	30.6773	4.3796	0	33.1975
316101	24.7525	29.2529	32.0313	10.7188	34.9	57.8313	28.5714	7.8313	10.351	43.6544
316102	37.0206	12.3894	7.5	11.8257	33.9	63.2768	58.2386	36.1582	0	141.003
316103	24.2418	16.6298	11.9275	9.6823	41.74	67.2835	62.5539	25.8327	0.3013	115.103
316104	21.9573	6.7064	7.4074	6.2638	42.9	83.0389	71.5336	31.2721	0	142.424
316105	0	0	0	0	9.48	41.3043	47.2527	0	0	133.824
316106	61.8868	16.2264	0	6.0109	48.02	51.4706	60.9091	23.5294	12.0755	67.1698
316107	18.9323	17.9901	9.3511	5.2481	24.1	48.3916	38.1949	3.9161	0	20.5922
316108	26.8195	18.5673	13.3038	10.8444	38.17	47.2072	41.4487	3.2432	0.2865	8.7679
316109	20.1571	31.2391	12.8	15.3359	27.07	52.795	44.9082	9.9379	19.9825	26.8761
316110	47.1029	61.895	38.5768	9.375	56.39	62.3529	60.48	13.8235	78.3913	23.5855
316111	38.2443	39.2621	27.2841	11.3748	59.53	70.0855	69.8309	24.0266	36.1323	75.1654
316112	35.0417	28.5273	24.4475	11.2179	59.33	60.8018	68.7708	21.8263	19.327	95.8938
316113	30.0143	19.4261	13.9946	9.3003	51.94	66.4646	63.8393	17.5758	11.9943	104.907
316114	27.688	13.0613	15.2019	8.5181	52.55	64.9302	57.6943	26.6047	6.3125	119.836
316115	24.6661	16.2608	10.495	3.7253	65.38	56.5278	62.5397	20	7.3449	101.335
316116	35.5918	35.9682	43.0147	14.0595	47.7	42.9191	44.7699	22.3988	69.1343	30.5311
316117	45.9467	56.554	44.3005	14.5429	65.66	70.5632	43.5032	21.7853	82.7975	12.0912
316118	47.5498	52.4771	45.9756	10.1006	57.77	65.2266	48.1013	18.5458	83.818	24.3134
316119	48.2178	54.2079	39.9736	15.7576	58.99	70.6863	55.186	18.8235	87.4752	14.703
316120	34.8151	70.6615	33.5165	17.29	46.56	59.5238	56.114	24.93	99.5377	0.6757
316121	39.8788	46.1888	33.6152	9.9254	43.99	54.7945	49.2063	7.6321	96.7188	3.786
316122	29.3887	50.3646	39.3548	19.3713	36.3	56.3715	46.0687	14.6868	99.4952	0
316201	8.1062	0.8608	1.9975	1.3802	29.31	10.2637	37.8568	3.9548	0	35.1147
316202	3.9361	3.4227	5.2192	2.6567	36.17	35.1902	37.404	3.125	0	28.2943
316203	4.3329	3.0888	6.0921	4.1624	28.99	17.9709	34.8925	3.238	0	20.1202
316204	5.191	6.7907	4.6045	6.0946	33.35	15.5987	38.4199	4.3002	0	37.3816
316301	19.2536	12.4682	8.7719	15.5286	63.29	58.0311	50.2146	3.6269	19.9321	71.0772
316302	9.6907	11.2027	6.4789	8.7687	57.69	39.4	47.6563	18.6	1.8557	65.567
316303	10.8905	8.6876	4.5918	5.9641	39.9	33.393	46.5558	7.8782	0.4964	51.2877
316304	7.4588	6.0471	5.5089	3.9462	38.63	34.7686	40.8878	7.3907	0	53.6
316305	14.0147	9.9597	8.3417	6.5196	44.14	37.5566	56.3869	12.4434	1.2331	71.2592
316306	34.3602	26.7773	11.8421	23.7037	17.66	36.6071	54.6667	17.8571	61.8483	44.5497
316307	11.1086	8.6937	10.0508	6.8307	56.23	35.0906	42.4895	17.0511	17.8243	78.5878
316308	9.3951	7.3344	4.1822	6.9545	45.2	36.1181	40.2439	6.8467	0	65.0343
316309	11.4627	7.6716	5.036	3.973	34.24	24.9144	38.8789	6.5925	0	40.6269
316401	5.042	0.6536	8.3032	5.1583	43.81	36.6359	34.3448	1.3825	0	20.9151
316403	4.1915	4.2617	6.4844	3.2415	23.06	21.9811	28.6924	2.1226	0	13.9601
316404	3.6274	1.1374	3.6824	2.8083	31.94	17.6772	27.7827	2.2203	0	11.4356
316405	3.3985	3.5188	3.6994	4.3956	32.44	24.8716	27.8308	3.5216	0	17.2932
316406	5.0381	4.9564	2.9412	2.0355	38.66	50.651	31.5109	3.2238	0	15.4139
316407	4.9346	8.8889	7.4534	4.6977	30.62	17.4632	31.9937	3.2169	0	23.4968
316408	6.1834	3.9801	0	5.6314	38.77	19.6319	41.844	2.2495	0	25.3021
316501	5.8525	7.017	5.0448	2.3375	29.02	24.7012	33.2902	2.5498	0	28.6354
316502	7.3414	3.1244	3.6111	3.1932	30.34	28.1188	35.58	4.802	0	23.0017
316503	4.1536	4.6728	3.3973	4.0223	31.38	14.8162	28.8732	2.6257	0	21.2734
316504	3.9771	1.648	0	2.8249	27.63	9.743	27.6138	2.9289	0.1538	21.5776
316505	5.4282	4.7876	5.3708	4.1254	29.26	12.8139	27.1314	2.5974	3.439	17.4309
316601	33.8129	7.9137	31.0345	26.2136	72.32	89.0909	36.8932	0	100	0
316602	25.7211	15.8162	18.3453	7.3205	55.85	52.9772	46.6948	11.4079	32.916	65.0079
316603	24.6513	17.9909	12.3278	6.9953	60.87	55.0445	53.7777	10.633	3.1343	81.7583
316604	9.23	6.3179	5.9416	4.38	39.95	35.3147	41.8715	7.4126	1.5795	44.3238
316605	12.7508	6.9342	5.726	5.2108	35.95	33.2809	39.7539	8.812	0	50.1143
316606	21.1977	11.9008	15.4754	8.4764	60.14	61.0377	39.4587	8.1132	22.4537	57.6658
316607	19.5543	33.9324	20.9009	13.1634	24.86	25.1023	35.949	17.5989	94.4644	2.4442
316608	20.8636	11.1938	14.5238	8.0982	57.44	58.5443	33.1969	5.6435	19.2308	58.3273
316609	20.333	15.447	20.7692	6.2646	68.26	60.9489	29.6774	8.5158	39.5267	41.4768
316610	15.5811	16.9009	16.6322	8.966	52.99	34.8356	28.7058	3.5525	69.6435	18.5979
316611	5.6506	4.8049	4.1485	3.8452	38.13	19.1169	27.0262	3.3387	2.9598	45.8197
316701	31.7761	44.1804	24.4207	16.1491	32.46	50.5902	40.8327	9.9494	98.5904	2.3359
316702	36.2382	54.7713	40.5797	14.2503	35.32	63.872	44.9457	19.8171	99.6451	0.276
316703	34.2985	50.8157	34.7913	7.1696	29.8	53.7931	41.7836	10.3448	98.9396	1.2234
316704	29.7406	48.1184	34.0909	11.8591	19.78	46.2623	48.9255	12.5529	97.2232	3.1421
316705	26.3131	39.798	31.236	15.8179	32.65	42.3729	38.5776	16.1017	98.7374	0.909
316706	35.4258	49.1659	27.9176	13.7717	30.26	33.2727	53.3442	18	98.9464	0.3512
316707	42.4829	59.0891	28.4768	10.3149	27.79	45.9649	53.5915	12.1053	97.6219	0.5643
316708	28.659	41.5372	31.2384	15.6083	38.85	54.4837	44.5878	8.6957	96.4432	2.2486
316709	31.2215	44.7542	16.044	19.0408	34.28	50.5804	31.0772	8.9552	97.3644	0
316710	45.0512	53.413	35.1515	11.9221	49.3	75.3086	42.0561	10.2881	98.2935	3.413
316711	31.2102	51.3607	31.4685	16.2162	33.59	43.0952	52.1989	2.8571	100	0
316712	51.9545	53.9337	25.1627	19.1363	37.25	71.476	53.4743	18.7396	99.6536	4.5027
316713	29.8034	50.4021	29.078	15.5401	32.62	35.7853	49.3525	16.004	99.3968	0.3575
316714	20.7624	48.1865	30.6084	18.6181	24.52	26.1231	41.0353	17.3045	99.7039	0
316715	34.9266	48.0713	30.9217	20.3875	40.05	39.5935	43.8037	20	98.8679	0.9224
316716	34.0426	55.7329	25.6588	13.2577	28.29	56.2757	48.8767	14.1975	97.9905	2.7187
316717	27.8436	32.7409	23.5887	8.7719	40.41	51.0823	41.4219	5.3391	98.1043	0.5529
316718	19.6649	31.6314	19.4757	9.5745	38.92	49.5768	30.9343	14.5103	85.9593	2.7523
316719	9.2939	35.9083	10.9091	9.5316	41.06	15.3664	50.9927	7.3286	99.1551	0
316720	19.5083	41.1975	19.4085	10.2276	23.33	16.4251	40.1264	12.6409	99.4251	1.3878
316801	50.1377	47.3829	31.3725	13.6042	22.1	65.0407	57.3034	2.0325	100	0
316802	39.5423	50.2641	31.0554	15.0521	38.08	65.9234	48.6631	11.3208	99.0141	0.5634
316803	57.465	65.326	46.1988	11.4828	40.97	68.7104	45.7249	23.0444	97.6234	0.3656
316804	41.7059	51.7436	28.7281	7.7244	37.07	67.128	37.3756	11.7647	98.2092	0.7069
316805	47.7363	48.7689	38.1533	18.1432	32.67	67.2779	41.9508	12.2708	99.5234	0.556
316806	38.7868	38.5305	30.2857	11.3197	30.32	70.7379	49.1216	6.3613	99.8291	0
316807	27.567	32.2205	25.6281	13.7319	23.38	72.973	49.6308	3.6984	100	1.4669
316808	42.5968	52.9613	33.1707	18.3601	45	66.5428	44.6527	15.4275	98.7472	0
316809	55.9781	46.234	56.0173	11.2979	49.54	89.0802	56.3617	8.362	98.7569	1.17
316810	47.091	44.2199	34.398	13.5436	36	67.1149	51.3899	7.5183	99.7355	1.6434
316811	37.1335	51.3453	30.4694	15.5301	34.43	66.0127	50.732	12.6947	99.1549	2.9665
316812	47.9839	50.7168	42.6566	14.6052	49.06	71.4399	43.7273	14.638	99.7088	2.061
316813	46.6981	46.5802	35.4062	15.7532	38.95	73.9924	42.9596	12.5475	98.0896	0.9434
316814	23.5761	47.6515	23.0244	9.1106	38.01	41.8006	41.5433	7.7974	98.2982	2.2691
316901	46.8428	45.365	43.1481	12.0513	37.39	92.3077	44.1589	3.726	100	0
316902	84.589	32.5342	50.6849	3.6842	63.16	82.9787	24.4444	0	100	0
316903	38.4392	35.2087	36.875	6.9583	48.39	78.2888	43.4676	2.9947	97.4592	5.1906
316904	29.183	30.6262	25	9.0129	37.02	66.548	36.0803	3.3808	99.4618	0.8073
316905	14.5677	21.3346	8.0321	7.5824	38.4	63.5776	32.7586	5.1724	100	0.6579
316906	45.7908	32.2704	51.8135	9.5969	31.62	55.2632	23.25	7.8947	98.852	0
316907	43.0657	55.2311	13.4831	11.1111	25.12	36.2832	43.75	23.0088	100	0
316908	33.3077	36.0385	17.7049	15.1768	28.41	57.8049	35.5775	7.0732	100	0
316909	19.9562	31.2177	22.7858	9.2182	34.46	66.0162	38.3041	1.9039	98.846	1.8106
316910	8.9112	15.3432	12.1918	6.6958	31.97	51.9737	28.0983	3.6184	99.5329	1.2576
316911	41.6649	52.2811	37.7251	9.6982	44.04	79.1615	40.0433	9.5745	98.8541	0.6702
316912	29.1035	38.4311	31.1077	8.6732	38.65	60.7315	35.6553	9.9134	99.6704	0.6262
316913	13.9012	16.5192	9.9855	2.7586	28.48	51.6071	21.5834	0.9821	99.3732	1.1062
316914	17.1393	19.852	10.4374	7.3568	23.02	43.0868	31.0752	2.3794	99.0382	0.5919
316915	38.4051	40.4675	25.6785	14.0898	38.48	67.5545	43.0982	7.9903	97.4794	0.275
317001	6.5197	5.6568	4.4872	5.4043	32.15	15.7845	28.2953	2.8355	5.433	25.1518
317002	5.7101	1.3909	3.1081	2.9758	30.54	6.7618	26.945	3.4337	0.4392	23.7921
317003	1.5047	4.8748	1.3305	2.2991	25.77	7.4554	20.7668	1.612	0.3916	11.9551
317004	5.4308	5.1337	5.2313	3.9976	25.46	7.4501	25.4989	3.4203	0.6774	13.7374
317005	4.1229	4.5082	7.5145	3.6708	37.19	10.3915	19.0849	2.2453	33.6865	8.2169
317101	33.9423	39.1868	32.9843	13.913	49.77	69.8073	40.0876	20.3426	100	0.8839
317102	29.5015	31.4683	32.8358	12.6988	37.89	65.8524	36.6781	6.1815	99.7287	0.1356
317103	13.3615	28.8996	6.0302	12.029	25.57	63.1957	43.8613	6.1041	99.3954	0
317104	13.8289	24.7706	17.7267	10.2438	22.58	35.333	34.1855	8.2192	99.2175	1.1602
317105	16.7503	21.4724	24.6366	8.294	34.08	64.3602	27.8719	3.844	98.048	0.5763
317106	17.5074	34.6333	19.708	10.1393	32.66	61.6279	33.7509	11.7571	100	0
317107	19.6179	27.6328	23.9048	10.4826	35.98	61.9658	38.6831	9.4017	100	1.7941
317108	19.2876	27.2826	19.4773	11.7611	31.49	56.8461	36.5119	8.7819	99.5334	0.9333
317109	28.5035	46.5789	27.9435	11.595	26	50.5675	38.3266	15.7629	99.2316	1.6099
317110	17.7354	35.8999	17.2172	8.6624	30.19	41.0198	37.1742	7.5342	98.4505	0.7628
317111	12.4818	21.0649	14.3011	11.2721	29.62	42.87	32.1678	4.0359	99.7381	0.611
317112	13.3291	17.3688	14.6471	7.5382	20.62	24.9869	26.3955	10.4987	94.0742	0.8016
317113	12.7208	16.9022	23.5602	11.5356	25.83	32.4864	29.5327	15.0635	99.6466	6.4782
317114	12.3756	31.9963	16.1465	10.3686	28.3	23.1201	35.7462	7.5196	99.4403	0.4664
317115	13.5215	25.8287	8.8076	9.7651	31.21	14.6425	34.9409	5.4484	98.8841	3.7085
317201	1.6497	2.1827	3.3557	4.1797	23.2	6.8383	5.6059	0.5632	22.7919	4.9747
317202	6.3759	4.7767	10.1462	5.2049	30	22.6968	8.8642	1.3423	47.1651	3.5514
317203	1.8915	0.9457	2.9712	3.0605	26.09	6.2745	6.3682	1.0196	16.7994	4.3554
317204	0.8731	4.3657	4.3088	1.8758	19.64	3.6835	12.1612	2.0464	0	4.6738
317205	5.2428	6.7469	7.7295	4.7309	33.44	16.3546	6.9655	2.2472	0	3.6957
317206	2.8345	0	4.4872	0.9331	21.46	7.9646	3.3058	0	6.6893	5.8957
317207	4.9524	11.2759	10.6982	4.2439	39.9	48.4396	12.2735	1.0176	41.0185	3.1897
317301	9.1974	14.8467	6.5369	6.7353	14.33	4.9683	26.6497	7.2939	98.381	1.5845
317302	11.6275	20.1323	17.5425	8.4945	29.62	40.9713	29.3199	6.8378	99.3479	1.5246
317303	10.2582	25.1919	16.0606	20.2147	24.45	18.9376	23.4581	8.3141	96.8597	0.6281
317304	14.8862	22.6196	11.3503	8.8819	18.9	16.6921	27.6663	5.7927	97.0739	0.7431
317305	6.8533	22.305	8.7812	8.4723	20.6	8.3955	29.5391	6.4055	98.2912	1.1816
317306	10.0119	25.9453	12.5479	9.0645	23.59	11.6505	26.2437	5.8252	99.7622	0.6421
317307	20.0834	28.5615	12.5	9.5346	22.39	15.0579	33.0849	9.1377	99.4441	1.2508
317401	3.3677	3.4284	3.8835	2.1065	29.22	11.882	23.6737	1.1962	0	6.068
317402	3.8387	1.5873	4.0273	1.1924	33.01	5.0076	13.5593	0.9611	0.9232	4.8105
317403	1.9612	2.3121	5.7371	2.4659	25.17	11.1932	16.4788	2.2159	0	6.6061
317404	7.2148	5.8582	7.1713	3.3547	27.4	25.8342	21.6289	2.2605	3.6177	5.0155
317501	17.3116	28.0133	16.0093	12.2705	27.59	22.5869	29.3146	7.1429	99.2409	0.5184
317502	5.6316	12.7099	13.7072	5.5215	24.73	34.824	13.6179	1.393	53.3712	2.9708
317503	1.0212	2.8744	5.9406	2.359	25.05	21.9235	8.7189	2.3785	4.1604	6.6566
317504	3.126	5.9706	1.8564	2.3476	30.86	12.3195	13.3958	3.5684	3.4073	5.1267
317505	12.7933	23.4027	18.4796	5.4511	34.59	29.9098	22.413	5.0601	73.1002	3.1282
317506	16.1716	27.7434	16.1485	7.6498	22.53	20.8975	29.318	5.8942	98.3086	0.7219
317608	3.0322	2.8674	4.223	2.5887	50.97	63.5831	21.0336	1.1719	1.31	26.1543
317609	66.7606	0	0	28.8184	56.34	0	31.9298	0	49.5775	0
