OBJECTID,GEOID10,employment,MBG_Diamet,trtID,res_worker,Shape_Length,Shape_Area
1,22005030101,675.000000000000000,8478.681504649999600,1,2705.000000000000000,29023.440934855767000,30653940.102869947000000
2,22005030102,740.000000000000000,5882.555460620000300,2,2415.000000000000000,16289.322051041396000,15922848.131731091000000
3,22005030103,695.000000000000000,10563.850342899999000,3,2795.000000000000000,33230.274001992286000,41095957.970063195000000
4,22005030203,2695.000000000000000,9441.537322190000900,4,4820.000000000000000,30283.016050812003000,27388036.766496394000000
5,22005030204,1050.000000000000000,7498.951288399999600,5,5070.000000000000000,19619.299251361990000,18267778.229562540000000
6,22005030205,1850.000000000000000,6651.113071920000000,6,4625.000000000000000,17858.987989446312000,16230285.582889063000000
7,22005030206,2015.000000000000000,7830.195720069999900,7,3845.000000000000000,20502.270224309239000,20956538.712888569000000
8,22005030300,4675.000000000000000,30974.336312600000000,8,5745.000000000000000,100723.134782359730000,186033250.667551130000000
9,22005030401,4295.000000000000000,7629.670816070000000,9,2165.000000000000000,20163.810415476433000,15305176.124974255000000
10,22005030402,4745.000000000000000,7135.983573890000100,10,3200.000000000000000,17456.898375948698000,12526045.866496937000000
11,22005030500,1245.000000000000000,26570.046652800000000,11,4155.000000000000000,86112.186757567310000,185452808.772167770000000
12,22005030600,3900.000000000000000,16837.376863900001000,12,2200.000000000000000,41711.628149093071000,68691032.763954565000000
13,22005030900,1110.000000000000000,17395.564356999999000,13,1555.000000000000000,55698.786548448588000,105063056.901339680000000
14,22005031000,4265.000000000000000,11699.422999200000000,14,2300.000000000000000,32555.692731821546000,40781568.626541734000000
15,22033000100,370.000000000000000,2261.653837010000200,15,980.000000000000000,5942.111532282403500,1916338.046789578600000
16,22033000200,2045.000000000000000,3589.401567299999900,16,595.000000000000000,9392.153643737139600,3893257.310946154400000
17,22033000300,2670.000000000000000,2034.555641989999900,17,515.000000000000000,5350.885439457821100,1739746.377701370300000
18,22033000400,795.000000000000000,1939.303248450000000,18,410.000000000000000,5622.681714428337700,1732204.218971885700000
19,22033000500,895.000000000000000,2327.438781849999900,19,1870.000000000000000,6459.737359871083800,2326052.638129271600000
20,22033000601,315.000000000000000,1866.614688169999900,20,1110.000000000000000,5226.939921968742100,1501328.886108229400000
21,22033000602,1250.000000000000000,2169.045817849999800,21,1570.000000000000000,6632.850510382019800,2260049.503185777000000
22,22033000701,245.000000000000000,2560.202241840000200,22,1005.000000000000000,6350.464402322640100,2118881.497289455500000
23,22033000702,2550.000000000000000,3159.662595899999800,23,1820.000000000000000,7590.707293232202600,2562321.829698937500000
24,22033000900,1715.000000000000000,2223.785546969999800,24,2150.000000000000000,6142.842633130952000,2162200.608656022700000
25,22033001000,760.000000000000000,1982.052456110000100,25,1740.000000000000000,6075.476555937466400,1967576.191016315000000
26,22033001102,6610.000000000000000,3247.010709740000000,26,1620.000000000000000,7667.252271947552800,2818690.436272776700000
27,22033001103,1960.000000000000000,2455.451976960000100,27,1210.000000000000000,6478.389123416001000,2345882.586150220100000
28,22033001104,4480.000000000000000,2741.237157179999900,28,1410.000000000000000,6935.572371180928700,2576000.737556962800000
29,22033001600,2145.000000000000000,2140.324466370000200,29,1470.000000000000000,6529.818978792245600,1901078.304585198900000
30,22033001700,6445.000000000000000,3133.562365889999900,30,4260.000000000000000,9512.259603000564300,3620705.392594979100000
31,22033001800,3365.000000000000000,2685.061913139999900,31,1115.000000000000000,6616.833281642291700,1854580.668168976900000
32,22033001900,3250.000000000000000,3210.095403639999900,32,1575.000000000000000,8850.443022011089900,2996779.438829019700000
33,22033002000,9860.000000000000000,3755.940509279999800,33,4035.000000000000000,9612.652219097537500,5231848.607480865000000
34,22033002200,225.000000000000000,1382.315748960000100,34,535.000000000000000,3904.264625815756100,939374.835967242720000
35,22033002300,1705.000000000000000,2397.400338200000100,35,1070.000000000000000,6646.078060866229900,2056095.444718190500000
36,22033002400,415.000000000000000,2383.187207620000200,36,2185.000000000000000,7349.202936904512200,2393609.096527752000000
37,22033002500,765.000000000000000,1714.502152690000000,37,1430.000000000000000,4740.426797087015100,1358059.096443993500000
38,22033002601,3095.000000000000000,3775.863340120000000,38,2145.000000000000000,10869.443436038966000,3932590.071751962000000
39,22033002602,5720.000000000000000,4425.978171869999600,39,2010.000000000000000,11933.969637471226000,5601348.743458039100000
40,22033002700,2100.000000000000000,2030.240385529999900,40,3270.000000000000000,5918.401485536803200,1615372.958561722000000
41,22033002801,5425.000000000000000,3055.590155870000200,41,1160.000000000000000,8876.502556736682900,3568119.146353405900000
42,22033002802,3790.000000000000000,2636.207752859999800,42,2800.000000000000000,8418.595474948128000,2738775.058567368400000
43,22033003000,7525.000000000000000,12584.848394700000000,43,2090.000000000000000,39702.179789732261000,45097904.149292618000000
44,22033003101,540.000000000000000,3056.377153750000200,44,2085.000000000000000,8880.532710908315500,4099102.820999404900000
45,22033003103,2450.000000000000000,3457.297872229999900,45,610.000000000000000,14464.638113172556000,3415432.617983064100000
46,22033003201,685.000000000000000,4608.598366850000300,46,1750.000000000000000,12477.485850636982000,8799315.937652800200000
47,22033003202,710.000000000000000,9788.819146039999400,47,2095.000000000000000,25233.408134746478000,17484495.489381086000000
48,22033003300,1060.000000000000000,3546.070823449999800,48,2090.000000000000000,9634.247750663256700,4549903.207483454600000
49,22033003400,1760.000000000000000,3105.185068650000200,49,2210.000000000000000,9159.055364082012600,4490835.745248417400000
50,22033003501,285.000000000000000,8662.288916089999500,50,1690.000000000000000,24485.313926138737000,13433741.572645176000000
51,22033003504,360.000000000000000,4167.663951210000100,51,2655.000000000000000,9977.990912674169500,4324202.339260505500000
52,22033003505,1010.000000000000000,4525.694869130000400,52,1660.000000000000000,12090.112881088742000,7940704.573777852600000
53,22033003506,3740.000000000000000,5445.247694810000200,53,3405.000000000000000,13376.210066119114000,7635703.186486264700000
54,22033003507,1115.000000000000000,4083.652073580000000,54,2940.000000000000000,11927.715599407444000,7153067.613525735200000
55,22033003601,5025.000000000000000,4024.424221459999900,55,1575.000000000000000,10689.286633714670000,5747620.946309407200000
56,22033003603,800.000000000000000,2219.998020810000100,56,1110.000000000000000,5845.846982905322000,2054604.434831376000000
57,22033003604,1875.000000000000000,2980.102370969999800,57,2500.000000000000000,7587.020141540174300,3049763.758691370500000
58,22033003701,2350.000000000000000,3504.731416229999900,58,2855.000000000000000,9153.436841512131700,4966163.148913750400000
59,22033003702,1100.000000000000000,2810.314921860000100,59,1925.000000000000000,7323.853235546361200,2623644.666771730400000
60,22033003703,1205.000000000000000,3555.057962899999900,60,2935.000000000000000,9047.997349729892400,5083580.595896736700000
61,22033003801,16575.000000000000000,4958.172688400000000,61,3500.000000000000000,13700.284453591668000,11110696.901772285000000
62,22033003802,7615.000000000000000,5464.526025639999700,62,3455.000000000000000,12036.421272310958000,5337984.400098465400000
63,22033003804,10215.000000000000000,3428.196657949999900,63,2530.000000000000000,9283.468691806174300,5222220.737754367300000
64,22033003805,5665.000000000000000,4217.484547390000400,64,3325.000000000000000,11845.031271857117000,8103940.077556454600000
65,22033003904,845.000000000000000,3888.971608710000100,65,3505.000000000000000,9083.508910234941100,3150852.687796557300000
66,22033003906,3815.000000000000000,3851.657464049999800,66,4770.000000000000000,10654.767781337232000,6253624.424483406400000
67,22033003907,3025.000000000000000,2969.956944260000000,67,3190.000000000000000,8467.046916988550900,3608382.723774099700000
68,22033003908,1490.000000000000000,3700.175501669999900,68,2245.000000000000000,10728.895488422115000,5790865.077952522800000
69,22033003909,3450.000000000000000,3121.077125809999900,69,2505.000000000000000,8662.659715551397300,3570024.648060632400000
70,22033003910,5120.000000000000000,2934.412333379999800,70,1720.000000000000000,7949.045397985656600,2546037.487575362000000
71,22033004005,3650.000000000000000,4098.192885589999600,71,3110.000000000000000,10638.680426644254000,5995472.617767439200000
72,22033004006,4165.000000000000000,4288.433978910000400,72,4500.000000000000000,11754.066394360614000,8178728.377268499700000
73,22033004009,13745.000000000000000,8729.610498329999200,73,3985.000000000000000,24546.668490391156000,22708749.110174302000000
74,22033004010,670.000000000000000,3139.071446420000000,74,2585.000000000000000,8484.206450775749500,4258777.159427014200000
75,22033004011,1120.000000000000000,6374.779573580000000,75,2340.000000000000000,17998.896551572270000,18910868.980695385000000
76,22033004013,905.000000000000000,4071.506636380000100,76,1680.000000000000000,9818.152580811363800,5090037.752172906000000
77,22033004014,1485.000000000000000,8838.900442930000300,77,5525.000000000000000,27582.663896203609000,33542001.030355643000000
78,22033004015,375.000000000000000,4201.263296350000000,78,4470.000000000000000,10031.041612265501000,4172219.827495222400000
79,22033004016,1335.000000000000000,13246.354395400000000,79,3390.000000000000000,33252.913569618642000,42033006.047615759000000
80,22033004201,1335.000000000000000,5904.868297260000000,80,2600.000000000000000,15452.700556266227000,13577305.179163858000000
81,22033004203,1625.000000000000000,8419.772930130000500,81,1445.000000000000000,21922.754853521714000,24753231.313234910000000
82,22033004204,875.000000000000000,6010.971080520000200,82,1845.000000000000000,16057.848462593765000,15132354.102501130000000
83,22033004205,975.000000000000000,4278.399407879999700,83,2565.000000000000000,10275.026525028941000,4815626.868696311500000
84,22033004301,825.000000000000000,13223.565811600000000,84,3130.000000000000000,36827.790341262546000,61107092.882091448000000
85,22033004302,695.000000000000000,8931.743239760000500,85,3010.000000000000000,26592.449111214413000,31787030.183797941000000
86,22033004401,630.000000000000000,7076.514903330000400,86,2675.000000000000000,20959.209560844331000,23679020.361875378000000
87,22033004402,1165.000000000000000,8093.372797959999800,87,2770.000000000000000,22931.927169171264000,25924605.145447314000000
88,22033004403,480.000000000000000,8413.327406640000800,88,2650.000000000000000,27458.083583651140000,27778145.686580524000000
89,22033004503,1850.000000000000000,6988.500904000000400,89,2590.000000000000000,17820.950188328974000,11250001.844308130000000
90,22033004504,1500.000000000000000,4513.449954849999800,90,3245.000000000000000,12412.300159779963000,7039788.566465459800000
91,22033004505,2260.000000000000000,7304.316282890000400,91,3175.000000000000000,22623.653704046883000,13840957.563900730000000
92,22033004507,675.000000000000000,3485.077548000000200,92,2765.000000000000000,9189.664674758363600,4192925.677915222000000
93,22033004508,400.000000000000000,4621.440538230000100,93,4235.000000000000000,13633.628949648846000,8319634.454239065800000
94,22033004509,3900.000000000000000,8613.948104959999900,94,3750.000000000000000,19984.176496562675000,10955008.783101995000000
95,22033004510,395.000000000000000,12151.842518900001000,95,3395.000000000000000,37244.607264514845000,37927383.687100500000000
96,22033004602,3955.000000000000000,13722.884216400000000,96,2350.000000000000000,33349.099050343604000,53571561.026712969000000
97,22033004603,2110.000000000000000,17532.770681700000000,97,2025.000000000000000,50025.917688715548000,138621204.223127220000000
98,22033004604,1530.000000000000000,11978.450791200001000,98,5415.000000000000000,32879.273494763489000,43911120.844317235000000
99,22033004700,395.000000000000000,25905.702486999999000,99,2900.000000000000000,79803.365328965752000,211491229.334090170000000
100,22033004800,905.000000000000000,2296.878000700000000,100,1885.000000000000000,6243.338830657693500,2191354.118787093100000
101,22033004900,1130.000000000000000,3675.138995759999900,101,2555.000000000000000,9708.448314851262700,4859566.609037280100000
102,22033005000,360.000000000000000,2901.496201689999900,102,1575.000000000000000,8312.841713028590700,3578353.165631545700000
103,22033005100,18290.000000000000000,3935.409175020000000,103,1320.000000000000000,10766.079607288359000,5953686.214014455700000
104,22033005200,6565.000000000000000,2529.947502749999800,104,725.000000000000000,7503.020082536513700,2626830.591412945700000
105,22033005300,7130.000000000000000,2412.979168630000000,105,1175.000000000000000,6779.029091874707800,2646030.126897370900000
106,22033980000,0.000000000000000,2852.473866410000000,106,0.000000000000000,8585.269891949867100,3140042.174093348400000
107,22037951300,45.000000000000000,35770.503697499997000,107,1295.000000000000000,109169.213897611250000,377987197.633818030000000
108,22037951400,220.000000000000000,18472.280967200000000,108,1300.000000000000000,67239.762913321043000,152611603.026346330000000
109,22037951501,55.000000000000000,17644.802769200000000,109,465.000000000000000,52031.472053237492000,57354597.933016345000000
110,22037951502,170.000000000000000,26742.738676500001000,110,2115.000000000000000,95372.940011624101000,250526001.231494190000000
111,22037951600,470.000000000000000,27954.319172600000000,111,2125.000000000000000,100405.078969531530000,342056078.572712300000000
112,22047952600,55.000000000000000,29216.512737500001000,112,1430.000000000000000,79157.709866141377000,231071220.306926640000000
113,22047952700,1705.000000000000000,48538.076010500001000,113,2865.000000000000000,128680.211869875550000,559842651.072168590000000
114,22047952900,405.000000000000000,38110.860846500000000,114,2120.000000000000000,138897.487764123830000,481441304.763782860000000
115,22047953000,185.000000000000000,27663.805935699998000,115,745.000000000000000,83818.979764350559000,221297285.936477360000000
116,22047953101,975.000000000000000,4395.378164830000100,116,2455.000000000000000,12680.202384816850000,8990451.663767561300000
117,22047953102,840.000000000000000,13322.741758400000000,117,1295.000000000000000,33770.554203491818000,35335450.366047747000000
118,22047953200,1515.000000000000000,21855.245763100000000,118,1540.000000000000000,70610.288328702416000,152626194.559425440000000
119,22063040100,1545.000000000000000,21990.023276600001000,119,3540.000000000000000,73687.214336967983000,171310455.957591090000000
120,22063040201,1455.000000000000000,27586.394018499999000,120,2355.000000000000000,71165.084190195892000,147281717.416725070000000
121,22063040202,965.000000000000000,31265.890497000000000,121,1760.000000000000000,107443.041321731010000,255291685.212073360000000
122,22063040301,1000.000000000000000,17639.423017199999000,122,3950.000000000000000,62806.149797104976000,67685743.885135561000000
123,22063040303,520.000000000000000,8169.457060839999900,123,5125.000000000000000,24063.980452048159000,24394728.799264777000000
124,22063040304,290.000000000000000,8991.980081649999200,124,2500.000000000000000,27966.937494026311000,35583427.003825881000000
125,22063040401,1240.000000000000000,8579.742086109999900,125,2680.000000000000000,23713.543606572803000,20055106.315776512000000
126,22063040402,2040.000000000000000,12204.835598300000000,126,3380.000000000000000,32232.781276635818000,43150927.227665059000000
127,22063040500,1925.000000000000000,11295.558762400000000,127,4975.000000000000000,42599.980039132533000,39895957.055719137000000
128,22063040600,5400.000000000000000,6926.660370620000300,128,4420.000000000000000,18769.158661447731000,12196577.292169997000000
129,22063040700,3235.000000000000000,7185.266263260000400,129,1775.000000000000000,20165.963324403328000,11450564.085445777000000
130,22063040802,425.000000000000000,20208.903546099998000,130,2400.000000000000000,74769.912975912899000,159164924.826287960000000
131,22063040804,765.000000000000000,14948.438733800000000,131,5870.000000000000000,44759.438738584126000,104104416.043533610000000
132,22063040805,1035.000000000000000,6038.334050960000200,132,2650.000000000000000,16433.627822703602000,11564829.482809152000000
133,22063040806,870.000000000000000,18187.816356399999000,133,3245.000000000000000,58367.274215527919000,71316908.692156404000000
134,22063040901,660.000000000000000,24683.801579999999000,134,2385.000000000000000,94440.860877266183000,234638620.234386800000000
135,22063040902,500.000000000000000,37614.226408199997000,135,2305.000000000000000,129785.999660087980000,411975215.257989350000000
136,22077951900,305.000000000000000,25769.206160800000000,136,2125.000000000000000,73347.349746668930000,161509144.705751210000000
137,22077952000,135.000000000000000,52738.853217999997000,137,935.000000000000000,181755.874387962600000,720885597.315368770000000
138,22077952100,140.000000000000000,34576.999891799998000,138,2395.000000000000000,132489.158519934400000,264374938.382175270000000
139,22077952200,180.000000000000000,17267.672588900001000,139,1430.000000000000000,48769.070441872136000,109591363.338420170000000
140,22077952300,595.000000000000000,4204.838495109999700,140,645.000000000000000,10785.939137628544000,5735313.910392127900000
141,22077952400,265.000000000000000,33012.018555600000000,141,2195.000000000000000,95914.123820517809000,267300848.036200910000000
142,22091951100,90.000000000000000,34267.358735000002000,142,1565.000000000000000,111777.738723416110000,531755751.064280870000000
143,22091951200,210.000000000000000,38267.431756700003000,143,2585.000000000000000,113819.984642474230000,529221571.116822000000000
144,22121020100,2290.000000000000000,3397.207210330000200,144,1060.000000000000000,10421.278319057816000,5351577.251444663900000
145,22121020200,4425.000000000000000,10591.639352400000000,145,1265.000000000000000,34448.606970358931000,41762599.285249606000000
146,22121020300,1125.000000000000000,34569.534393599999000,146,1240.000000000000000,110651.637374464920000,349626749.078910710000000
147,22121020401,2245.000000000000000,15258.595406000000000,147,2400.000000000000000,49750.153815135985000,46600990.274894759000000
148,22121020402,945.000000000000000,15563.237687999999000,148,2235.000000000000000,41884.807198824885000,84479070.191452220000000
149,22125951701,75.000000000000000,48609.686701600003000,149,1110.000000000000000,164984.749665103300000,639500827.475912450000000
150,22125951702,0.000000000000000,20006.245248700001000,150,175.000000000000000,63845.233531332691000,148912532.420942100000000
151,22125951800,250.000000000000000,28292.617201100002000,151,3155.000000000000000,93579.834955462400000,285398549.754977110000000