stationID	observed	simulated
170414	41	3
170413	68	2
170411	251	30
170415	69	2
170378	10021	45
170410	670	42
170412	360	14
170408	18808	271
170436	927	191
170404	16017	455
170405	5323	1361
170375	282	4
170406	10166	154
170409	982	56
170438	1134	192
170429	684	22
170430	14455	414
170427	973	51
170428	1572	46
170399	6561	205
170400	70	34
170369	2533	153
170439	251	204
170377	10983	79
170374	140	3
170370	949	50
170372	721	34
170373	608	22
170691	14518	222
170383	542	38
170842	332	9
170367	1410	13
170416	3090	80
170380	925	29
170379	17277	269
170398	6484	221
170371	201	7
170385	15053	382
170418	6167	113
170426	32083	511
170690	15047	1147
170363	427	11
170386	10330	319
170689	733	13
170419	130	16
170688	29638	402
170388	118	2
170420	155	12
170682	663	295
170393	149	0
170395	535	0
170421	6951	180
170355	3813	21
170683	1386	22
170703	12512	407
170353	1732	61
170681	7144	131
170431	23468	2076
170702	12353	163
170434	38610	1199
170701	45468	1542
170680	8233	264
170423	3227	12
170700	29553	320
170832	15182	7
170684	24992	1359
170679	23256	863
170678	19230	891
170677	34047	203
170831	31675	1178
170424	4637	10
170676	7043	881
170674	40698	15
170675	5976	625
170673	17298	1811
170686	27136	1829
170685	28179	1551
170830	24561	262
170672	23252	1624
170347	4783	210
170829	29402	3876
170345	16238	432
170349	24487	856
170699	53337	915
170348	13728	741
170693	15782	261
170692	23188	184
170835	9715	785
170697	19450	1101
170698	47590	3385
170827	9404	188
170826	9893	419
170667	3499	448
170668	12426	304
170666	265	33
170669	11802	88
170838	15777	1403
170660	4063	26
170664	13119	267
170665	3720	22
170694	347	2236
170663	20226	5
170661	21787	238
170839	21302	530
170658	2338	6
170614	19118	1434
170657	3221	3
170836	7913	34
170609	10867	363
170645	15608	946
170659	4060	28
170338	18949	628
170837	1048	300
170611	13620	1298
170339	13730	255
170655	10553	21
170612	15949	567
170613	12345	1332
170643	4496	305
170642	5038	252
170656	1676	65
170654	9651	14
170604	10214	518
170606	23943	2023
170342	1535	112
170608	11874	422
170341	22123	572
170647	12527	1161
170623	20690	639
170646	2467	54
170818	11	14
170337	12253	499
170819	19	28
170615	3604	32
170651	3165	38
170652	3808	228
170648	7549	603
170641	15357	170
170640	13830	1305
170624	23225	651
170653	7645	168
170622	8712	698
170616	18644	1246
170618	20920	1663
170621	16711	1380
170649	9078	175
170620	20241	918
170617	19855	954
170625	19341	748
170619	10705	363
170823	22829	656
170824	17714	414
170825	15936	289
170603	17592	772
170639	7965	370
170638	8125	15
170595	5090	664
170599	134	7
170593	8929	459
170594	1647	87
170597	703	24
170607	13817	253
170636	3717	9
170637	6982	32
170336	32801	913
170834	1776	13
170602	570	23
170635	20740	223
170592	9683	265
170632	9166	32
170631	4458	289
170633	11473	534
170634	10396	360
170589	3184	217
170320	583	52
170587	1883	21
170628	10639	610
170630	3862	214
170627	2416	13
170629	8708	908
170821	11040	335
170333	12827	221
170822	10425	577
170585	18403	677
170584	3304	20
170586	12247	354
170576	641	47
170820	6802	201
170578	1372	18
170582	8144	53
170574	1993	2
170318	1335	20
170314	172	0
170579	2473	25
170326	19357	378
170312	847	8
170570	2339	24
170572	11522	19
170565	816	50
170327	295	21
170569	6216	10
170563	2094	59
170331	317	17
170555	14580	310
170535	961	5
170557	23568	322
170556	24331	494
170536	1776	9
170533	101	2
170553	21188	453
170552	18693	315
170291	162	9
170538	4889	6
170537	3122	32
170551	7400	173
170288	8236	294
170539	1641	26
170287	17398	135
170308	12620	229
170286	5756	145
170527	6462	31
170529	374	6
170541	31468	1642
170547	2643	120
170301	86	0
170296	14765	366
170544	4625	196
170543	32143	1404
170282	12543	183
170297	676	11
170523	152	11
170524	27324	3
170522	27935	611
170283	9546	103
170521	2377	35
170280	20055	432
170228	10174	360
170545	1679	15
170057	5138	59
170227	182	0
170258	31589	222
170229	9929	94
170257	7489	118
170259	6336	151
170231	295	0
170260	3685	26
170256	28994	734
170055	26563	1167
170235	214	0
170226	325	0
170238	378	0
170237	180	0
170279	3167	51
170049	2209	32
170225	1397	81
170276	5566	92
170054	2603	5
170269	274	8
170277	437	3
170278	5627	37
170264	877	26
170270	2865	81
170503	27371	684
170223	318	2
170495	2584	32
170272	983	6
170499	7994	26
170051	1729	23
170488	26	23
170504	1302	12
170255	7144	64
170487	211	1
170505	747	42
170501	255	14
170253	4289	82
170251	17818	527
170252	8846	148
170510	391	1
170239	930	62
170494	4550	1
170493	9364	153
170492	4607	64
170491	2983	40
170506	4391	22
170468	920	23
170212	1413	6
170058	7751	367
170060	2185	72
170473	2047	12
170466	43	0
170216	4616	31
170515	803	5
170514	336	5
170483	2376	19
170474	22215	594
170475	3930	19
170241	1153	13
170472	153	0
170517	1992	118
170248	473	21
170247	1654	92
170476	21557	577
170477	19904	573
170209	103	3
170245	1027	9
170249	99	11
170246	2853	88
170207	348	4
170061	2007	40
170243	419	4
170206	1047	5
170205	202	8
170204	523	8
170203	2948	81
170244	197	2
170048	324	26
170470	474	6
170046	269	1
170047	1418	36
170479	117	92
170045	15929	173
170210	1107	15
170484	395	8
170463	567	4
170044	472	11
170462	920	27
170153	34	2
170148	1178	14
170202	73	1
170151	791	5
170152	299	2
170149	39	1
170154	5310	19
170064	16705	379
170155	1228	5
170063	2054	20
170067	2004	20
170461	1797	10
170043	320	6
170066	233	0
170042	178	4
170145	8421	83
170065	352	7
170036	226	3
170460	3321	15
170459	2765	9
170144	2472	24
170187	208	3
170110	11608	79
170146	10860	75
170143	1451	9
170033	2971	18
170034	64	34
170035	6662	17
170037	212	0
170111	2123	9
170158	1355	5
170142	1224	15
170840	19742	214
170451	3484	2
170448	2856	1
170455	916	3
170069	17944	34
170450	1447	2
170157	63	1
170156	862	5
170038	6718	15
170039	204	1
170445	2556	1
170458	1544	2
170141	66	1
170159	720	1
170444	2353	35
170040	174	1
170068	1427	33
170032	3518	12
170443	381	0
170185	2272	30
170186	457	1
170841	18019	202
170442	2224	0
170184	709	0
170030	195	2
170031	2659	8
170074	2588	28
170137	240	1
170072	315	6
170441	12363	255
170070	825	7
170071	517	0
170021	1311	8
170073	919	5
170183	514	1
170108	2017	49
170075	1106	15
170138	680	8
170136	716	2
170135	560	4
170026	587	1
170182	167	5
170010	83	0
170020	1595	16
170134	809	5
170009	162	4
170027	352	0
170008	233	7
170007	420	8
170133	209	0
170076	11738	242
170005	585	11
170004	2186	38
170019	2183	46
170105	1904	38
170107	896	1
170127	87	0
170160	377	2
170161	287	1
170012	258	6
170080	343	2
170077	2610	52
170081	3329	52
170189	2749	60
170079	268	0
170078	561	3
170018	512	3
170011	425	0
170106	693	30
170131	1555	1
170130	791	5
170128	1712	3
170003	16400	178
170126	255	0
170124	1213	2
170162	941	1
170017	3906	88
170112	1876	3
170113	1357	2
170015	298	54
170102	329	12
170013	2214	31
170099	1074	7
170082	9330	32
170201	2587	46
170190	145	12
170103	234	10
170119	734	0
170125	52	0
170083	647	15
170084	205	3
170166	38	0
170168	2334	17
170167	1199	2
170181	126	3
170169	2144	17
170170	1385	4
170200	355	0
170002	13718	20
170085	474	11
170180	1175	4
170086	307	9
170165	48	1
170101	108	3
170089	712	9
170098	937	7
170087	330	1
170123	444	0
170097	1110	7
170088	268	6
170192	96	10
170001	2463	82
170129	1086	1
170115	1072	7
170094	546	29
170096	1207	1
170093	97	2
170014	2026	11
170092	400	17
170116	1575	7
170090	351	23
170121	759	3
170176	1100	1
170175	63	0
170173	155	2
170163	36	0
170197	141	0
170122	140	0
170164	758	2
170198	2873	38
170118	1334	5
170016	205	3
170117	1031	2
170095	8924	74
170193	400	9
170177	1076	1
170120	354	0
170172	571	8
170178	221	0
170195	144	1
170196	89	0
170179	502	2
170199	2796	35
170846	564	17
170853	208	21
170851	395	2
170852	977	2
170848	800	72
170847	1532	60
170849	9258	912
171148	1845	47
171144	5696	49
170845	42	1
170844	440	7
170843	166	4
171147	312	40
170864	20575	271
171141	2075	31
171146	370	3
171181	616	120
170863	816	35
171145	1165	34
171142	2099	119
171149	179	20
171176	350	14
171177	2091	133
171179	101	1
170862	1324	25
171167	1063	45
171121	513	28
171120	1191	18
170880	23051	272
171166	827	20
171125	44132	1160
170878	17989	81
170877	22425	575
171183	740	5
171178	246	43
170879	31572	46
171111	20550	578
171180	1066	5
171160	19180	654
170861	14277	100
170876	21307	65
171136	14494	125
171117	13750	233
171110	28928	1061
171118	5018	72
171119	544	70
170873	23975	185
171192	759	3
171190	1134	11
171107	7255	18
170872	15868	222
170874	3061	240
171164	191	9
171165	279	2
171108	10453	450
171116	2873	461
171109	16457	800
171202	1047	66
171191	254	2
171126	2371	115
171139	23703	561
171124	205	28
171200	1926	108
171201	518	26
171140	16725	115
171134	33945	634
171138	20755	715
171133	34119	705
171135	24052	80
171189	322	11
171128	2577	225
171114	2794	470
171123	1591	121
171127	2473	12
171132	43356	1161
171199	253	22
171216	716	42
171112	3529	72
171122	1385	295
171162	522	15
171163	1195	22
171115	1294	40
171198	237	13
171129	8523	226
171130	47452	389
171113	28177	2359
171022	2874	46
171175	580	59
171066	9706	80
171065	6469	235
171020	5736	752
171081	230	14
171021	1966	27
171067	26659	2475
171023	4168	119
171024	13366	916
171025	2103	763
171197	3512	169
171174	2820	341
171019	1179	271
171188	1239	4
171048	601	17
171196	2011	64
171173	270	42
171063	528	1
171068	33675	621
171194	1227	31
171047	15981	1872
171049	1120	52
171215	829	82
171172	685	23
171069	7688	566
171195	322	8
171105	15607	294
171046	1771	69
171083	163	13
171193	555	33
171045	11295	832
171062	271	8
171044	648	17
171018	1305	784
171159	36153	816
171043	480	0
171027	3117	367
171052	3129	18
171026	3593	22
171035	3333	129
171057	1737	129
171061	5323	629
171058	5766	632
171042	4401	323
171070	3253	496
171187	269	3
171033	4980	49
171051	4991	6
171053	5472	52
171041	676	5
171085	358	91
171054	5269	244
171032	3255	25
171040	3019	13
171079	9122	2225
170975	2407	27
170974	39	44
171017	5856	333
171039	2971	30
171217	617	25
171078	15435	808
171169	2462	322
171030	3469	15
171038	1155	20
171184	592	8
170971	3053	4
171213	54	5
171077	8436	475
171076	8673	441
171016	4895	288
171075	73	1204
171071	7307	83
171037	466	19
171088	20041	564
171055	7143	601
171094	16946	152
171095	543	46
171093	22513	421
171214	1021	81
171168	1264	81
171028	2731	3
171092	16266	761
171072	14886	736
171011	3757	27
171170	945	7
171060	4587	73
171014	2804	175
171090	14401	943
171104	18101	310
171091	5481	156
171209	271	13
171015	3653	81
170951	6280	11
171029	7378	300
171034	7057	288
171103	9931	336
171102	13546	169
171013	5451	5
170950	1365	4
171212	839	22
170949	4872	148
171222	977	68
171073	9029	234
171157	27617	851
171012	5155	45
171010	6114	15
171031	1393	12
171158	7267	74
171059	5070	555
171074	6856	1115
171211	870	17
171100	1094	76
171218	1491	67
170977	11009	1053
171210	728	26
170976	9350	254
171208	1075	19
171204	549	18
170989	2616	198
171205	192	8
171097	4253	77
170970	2497	134
170972	1199	16
171203	2085	71
171207	144	1
170947	5482	358
170994	174	37
171004	3241	64
170990	3583	208
171228	100	18
171206	202	3
171219	1236	39
171221	892	14
170870	24893	2069
171229	5344	37
170987	2475	252
170988	9075	361
170964	1672	59
171227	1630	95
171226	145	9
171225	262	20
171005	65	10
170969	677	18
170993	1103	19
171007	1685	21
170968	6245	15
170991	13380	102
171224	1073	67
170986	9275	85
170960	762	38
170962	476	13
170959	6337	485
171009	2457	122
171220	496	10
171223	743	40
170967	18382	1373
170966	27723	1475
170983	433	1379
170985	8405	991
171006	15750	33
170995	6291	219
171152	13663	198
171151	3160	76
171002	29670	1651
171008	4232	150
170997	2390	26
170984	10921	334
170869	22145	1379
170981	629	10
170956	4694	241
170955	4169	71
170954	1618	48
170957	11620	461
170958	14889	431
171154	2737	64
170979	5008	329
171231	130	6
170953	10417	355
170952	5933	421
170999	5443	269
171001	113	5
170980	5460	83
170938	5184	163
170923	10818	423
171155	336	146
171230	1004	29
170939	12453	759
170930	11250	556
170931	6104	15
170935	199	0
171232	397	5
170927	7176	211
170933	6658	222
170928	15670	389
170867	12554	327
170921	4952	9
170925	10443	35
170919	1280	32
170866	8320	212
170924	4824	137
170943	159	2
170909	644	6
170917	413	7
170915	978	0
170854	434	8
170905	1247	4
171150	1172	9
170855	698	8
170856	70	5
170896	262	2
170891	417	1
170895	199	1
170893	487	9
170890	188	0
170889	1312	1
170888	254	0
170894	610	3
170886	1202	1
170887	422	0
170892	1191	1
170885	3142	2
170884	925	0
170883	222	0
170882	588	10
170860	422	3
170859	251	5
170857	93	130
170858	690	9
