OBJECTID,AREA,TAZ,POPU,WORK,EMP,Length
1,20237489.4,4504,2142,1215,18,27061.57
2,8971957.1,4511,402,181,10,23242.65
3,7180775.84,4412,2227,993,1070,15310.08
4,6625105.57,6308,169,99,520,11351.42
5,1957384.74,6309,75,0,223,6288.64
6,5336216.46,6310,870,475,12,11817.37
7,4595197.21,6324,1231,648,23,8900.56
8,5070328.3,6311,246,129,66,11882.67
9,6238362.55,5313,115,35,44,13519.08
10,3562001.32,5303,3990,1913,187,10229.84
11,3771856.55,5311,2493,1421,128,10302.68
12,4644963.87,4320,96,69,42,9024.57
13,765894.51,4321,0,0,5,3792.85
14,1448665.64,4329,1182,587,155,5336.63
15,1878883.04,4401A,43,24,87,8184.19
16,16264089.73,4403,877,492,13,19646.19
17,1520755.78,4406,239,75,69,5861.27
18,4884677.76,4404,342,131,124,13617.85
19,12202707.95,6407,352,216,661,14089.54
20,19503674.77,4506,1439,754,17,20926.99
21,54251.62,4405,97,64,305,938.33
22,4411089.69,2417,257,114,315,9094.79
23,4322570.27,2409,177,95,56,13076.76
24,1776439.17,2429,252,139,29,7402.68
25,3261279.26,2406,95,49,7,7376.3
26,766271.78,2411,86,34,7,6210.77
27,3883042.46,2318,3556,1924,184,10733.54
28,3752660.97,2418,559,257,314,9508.05
29,3052985.6,2319,49,49,1030,9980.61
30,2053093.05,2431,146,94,590,7037.83
31,1983826.91,3334,969,512,1276,7523.41
32,2107131.28,3401A,9,9,5789,9497.24
33,1294758.43,3328,2674,1859,461,4972.65
34,3394508.09,2405,163,92,9,8110.06
35,4121178.82,2412,388,250,23,9477.05
36,1700281.7,3420,3071,1806,234,5740.06
37,2308375.19,3406,3448,1869,1399,7208.5
38,1100420.61,3416,988,575,757,4292.06
39,2202309.98,4304,3802,2057,199,7772.73
40,1791241.98,3329,3418,1946,174,6967.62
41,1200778.38,3332A,0,0,3496,9163.69
42,2577734.03,4305,3044,1596,210,7849.43
43,777086.07,3331,3,3,609,4364.75
44,5998994.58,4313,81,53,20,11097.13
45,2641546.24,4407,0,0,726,6623.15
46,3388203.54,4408,49,23,33,9884.94
47,8876895.85,9502,864,425,44,14244.47
48,2876546.59,8325,3770,2296,173,7340.03
49,2631964.56,8201,0,0,271,7699.53
50,9422446.38,8410,5634,2788,380,14251.5
51,3252377.81,1416,0,0,48,7669.19
52,7009177.7,9401,882,509,148,11548.96
53,1448239,8415,164,115,1337,5355.77
54,366313.26,9408,0,0,714,6746.73
55,1508966.65,9411A,75,15,805,5477.41
56,679554.63,9323,291,177,478,3849.08
57,3955803.22,9301,7860,4704,1196,9891.14
58,4211261.27,8311,2375,1323,510,8694.62
59,1164433.48,9312,1515,956,662,6294.84
60,667821.27,9212,1590,878,187,5173.89
61,966568.6,8311B,237,126,23,5766.55
62,3112421.95,9313,2989,1345,2017,8943.47
63,799283.12,9407,995,610,1700,6400.98
64,1232238.72,9413,2965,1744,261,5680.17
65,1819281.8,9409,2184,1115,139,5946.35
66,1383352.13,8313,399,159,18,7483.34
67,2842333.47,8202,2532,1423,678,7260.55
68,2582078.49,8203,1829,1103,625,6860.58
69,1406239.39,7328,21,12,2953,5521
70,909089.62,7327,0,0,232,5212.14
71,1207427.18,7306B,353,149,1037,6104.58
72,1373155.79,8208,727,428,148,5046.15
73,808371.91,7309,0,0,856,4442.56
74,173320.83,7332A,0,0,684,2534.57
75,293508.25,7308,865,357,474,2386.29
76,850761.02,7315,2165,1166,66,3870.08
77,946826.62,7314,3273,1141,600,4027.79
78,2272591.44,1409,3736,1925,2106,6381.68
79,483365.48,1402,0,0,2502,4212.8
80,1684298.23,1407,1513,723,6127,5765.61
81,617605.37,1403,12,0,1408,3771.53
82,1295375.11,1445A,0,0,1001,4836.88
83,56552.63,1403A,0,0,259,1349.85
84,2434760.85,1438,6031,4033,401,7740.36
85,235800.21,1439,222,200,376,2295.93
86,639695.97,1440,600,324,151,3421.29
87,3486665.86,7316,2415,1127,325,8142.34
88,2511791.22,6301,258,145,7,6910.29
89,3440031.33,6212,364,151,91,8560.64
90,2068077.09,6302,33,11,56,11203.79
91,1015064.54,6302A,48,43,811,4766.45
92,628332.06,6320,1034,493,219,5231.9
93,828706.32,6319A,117,52,82,5524.53
94,2442476.64,6306,593,340,6,6487.95
95,260684.64,6319,279,103,267,3105.01
96,1199960.27,6318,1797,922,697,4701.77
97,1868061.5,1424,2880,1424,319,5976.35
98,965486.18,1418,123,48,4051,4033.17
99,1048426.33,1419,1513,794,562,4597.33
100,504564.93,1421A,0,0,8,8071.35
101,774750.52,1454,1618,795,186,6729.55
102,1163578.94,1421,2050,1018,35,4912.5
103,103074.62,8506,19,19,9,2426.54
104,13346563.01,8402,593,269,22,18923.7
105,5246306.74,8416,204,110,12,11486.51
106,7392271.13,7401,409,221,12,12222.25
107,2467507.98,7301,654,467,373,9892.17
108,3273366.32,7312,4246,2077,1322,13856.18
109,2697534.38,7326,8,8,2253,8486.26
110,2649292.57,8319,1293,694,2013,8561.61
111,1727748.67,8320,242,117,1906,7036.39
112,3802096.14,7406,211,129,116,8651.55
113,2173480.19,7302,16,5,37,5991.08
114,4747624.47,7407,963,560,24,9492.63
115,6963951.49,7409,605,336,54,13829.51
116,4309922.98,7321,1602,708,70,11307.88
117,2494592.91,7318,20,20,526,7081.48
118,3346400.14,7405,225,125,35,7791.76
119,4092129.45,7320,181,92,24,9778.19
120,5603522.9,7319,158,93,32,9622.27
121,1535685.73,6323,1091,579,8,5208.89
122,2522271.88,7323,3226,2139,292,7552.99
123,1973320.9,7303,4171,2115,1160,7076.37
124,2564820.09,7313,5977,3723,179,7044.62
125,659213.18,7310,0,0,1956,3507.86
126,658921.56,7311,2820,1682,1211,4486.63
127,2072093.25,7333,16,0,368,5970.12
128,1875960.89,7322,1750,900,35,6269.32
129,681730.75,7324,1327,664,139,4002.27
130,48788.05,7325,38,28,702,1228.67
131,94079.06,7325B,4,4,67,1684.85
132,24906.63,7325A,72,32,16,792.57
133,1040175.28,7317,1178,222,704,4707.81
134,845277.29,7334,1677,827,464,4081.93
135,856284.01,7305A,90,42,2140,3889.34
136,405496.52,7329A,1014,663,1598,3510.05
137,147862.98,7330A,435,123,363,2066.27
138,892029.78,7304,0,0,4617,3717.15
139,137816.4,7332B,0,0,255,2415.64
140,63950.94,7329,0,0,793,1023.11
141,2444264.17,8409,33,14,89,7513.62
142,7657282.2,8404,563,255,14,14405.85
143,2804367.58,8412,0,0,994,8868.79
144,4543085.56,8407,301,167,261,8670.17
145,258937.57,8302A,16,8,546,3125.63
146,1313386.41,8301A,1492,788,128,8846.1
147,425195.82,8301,1241,603,78,2959
148,2098533.67,8306A,1495,790,1005,7915.95
149,671613.11,8306,13,6,141,4740.33
150,1805806.88,8316A,731,273,217,6590.32
151,1444814.1,8315A,62,23,320,7975.72
152,2092474.33,8315,432,259,26,8629.14
153,6954339.58,8317,2373,1357,202,10457.07
154,79527.48,8316,0,0,15,2372.21
155,2115495.79,8312,191,147,1291,6307.86
156,6386101.38,8408,377,187,11,10610.71
157,1223468.63,8304,2010,1019,119,6647.25
158,3296514.42,8314,919,448,665,9345.38
159,863739.93,8314A,0,0,295,5472.51
160,957087.7,8321A,231,127,286,5940.79
161,978924.68,8321,0,0,580,6902.02
162,790543.12,8323,0,0,439,4275.12
163,3378053.91,8324,56,34,3318,7600.73
164,1672081.63,8322,0,0,1063,6604.38
165,2959732.29,8318,332,232,110,7261.87
166,753538.93,8303,1861,916,530,3773.84
167,329758.67,8303A,150,92,159,4572.59
168,166310.96,8304C,51,0,277,1638.43
169,80189.24,8302,124,71,84,1556.03
170,107229.91,8302B,68,26,166,1637.76
171,152602.33,8305,250,181,70,2610.23
172,117001.53,8304B,39,6,199,1438.86
173,39914.37,8313B,0,0,32,987.1
174,503271.27,8313C,0,0,21,2983.59
175,5307.13,8321B,0,0,7,315.41
176,2663285.17,8326,196,94,45,9917.38
177,2643135.7,8308,156,110,17,8567.66
178,2929430.88,8307,63,26,1033,7507.78
179,1919785.96,8414,5,5,6812,5532.82
180,1624172.55,8309,501,265,1647,5743.2
181,2455757.39,8327,2662,1672,130,6895.6
182,155038.38,8309C,26,0,15,2317.67
183,3559632.22,8413,86,47,1543,7783.08
184,3157445.44,8310,4105,2400,64,10438.63
185,123856.68,8310A,105,62,10,3089.6
186,1513256.27,8417,1780,1068,1202,6699.29
187,145917.5,9301A,22,22,182,2513.28
188,108034.75,8418,58,37,519,1372.98
189,94550.36,8309A,13,6,89,1896.32
190,9628206.09,8501,940,346,18,15218.96
191,6947501.98,8503,2511,1141,78,13957.08
192,3608853.14,8504,2154,1032,62,11849.3
193,8993726.42,8411,3070,1591,403,13682.99
194,7665092.48,8507,192,96,5,13195.9
195,2651708.89,8204,1383,610,895,7195.29
196,316432.51,8207A,0,0,75,3716.28
197,1496521.19,9116,132,100,3702,5943.5
198,684750.78,9124,1262,685,178,3446.06
199,334591.12,9115,175,108,623,4396.22
200,2268768.31,1415,4682,2979,809,9108.15
201,223977.16,1430B,592,348,708,1939.37
202,678070.99,1342,1876,1126,111,7347.21
203,1540460.65,1315,5000,3178,474,7348.91
204,1972795.3,1331,6076,3546,675,9587.96
205,181775.26,1345B,674,498,407,2368.04
206,619892.86,1328A,1051,753,3410,3889.55
207,1271203.71,1329,3549,1896,651,6158.94
208,1022556.34,1334,2238,1227,206,4820.62
209,1789320.04,1335,4703,2282,366,6693.34
210,66898.35,1303B,310,218,444,1453.14
211,532458.07,9112,0,0,809,4023.91
212,783299.35,9123,2739,1605,606,4860.03
213,697156.49,9121,734,427,1939,4286.95
214,532154.6,1131,1847,941,1593,3413.82
215,339766.61,1134,925,690,469,2366.5
216,154685.34,1135,499,251,494,1624.02
217,258051.68,1137,62,29,472,2166.37
218,372199.38,2105,0,0,2465,3204.97
219,1694801.91,1206,4744,2350,599,5256.98
220,1094797.92,1211,3617,1565,260,4267
221,334489.95,1233,1196,465,111,2521.82
222,129435.99,1234,573,177,4,1495.64
223,455184.57,1235,1760,541,202,3113.55
224,1529074.48,2101,187,30,592,5720.16
225,1714700.54,2205,2408,931,1484,5413.32
226,747020.54,2102,0,0,1470,4454.33
227,400900.76,2105A,0,0,367,2853.91
228,258253.92,3102,911,129,66,3064.96
229,1091670.23,2103,519,90,1084,5391.88
230,215211.61,3103A,1159,56,121,2535.78
231,157418.98,3103,498,110,29,3269.91
232,835147.71,3104,1606,527,65,4223.8
233,387446.55,3107,1271,196,351,2594
234,215635.9,3106,601,224,229,2060.24
235,131259.26,3116,574,140,163,1481.86
236,88408.97,3120,334,86,104,1184.7
237,104111.9,3125,483,112,97,1315.07
238,54927.16,3134,337,89,65,1040.48
239,317895.38,4111,1701,437,171,2266.41
240,169111.25,4104,701,162,87,1675.27
241,259043.36,4112,1416,520,103,2032.38
242,188174.05,4116,584,277,83,1780.44
243,628421.89,3105,1974,601,1459,3883.25
244,993442.89,3207,1471,431,1029,4513.6
245,1500519.11,3206,1351,559,155,5308.07
246,495273.27,5124,88,29,977,3885.76
247,712696.05,5214,226,87,224,4306.99
248,1682792.38,5204,912,335,52,5790.53
249,3283703.56,5208,2541,1007,459,7968.34
250,765165.32,5123,1491,612,192,3830.18
251,1327009.17,5315,16,16,556,5541.54
252,2538056.15,5306,39,22,12,6966.82
253,1167990.93,3201,2773,1508,334,8023.46
254,838826.85,3208,4254,2005,277,4227.61
255,466614.06,3209,897,368,329,3068.93
256,1005726.77,3301,151,116,249,5978.77
257,1370990.66,3301A,0,0,4004,5488.54
258,1931950.09,3333,696,451,485,6196.95
259,1227285.13,3315,983,567,2487,4748.64
260,627138.46,3316,978,424,212,3404.61
261,2427981.12,3318,1283,731,233,7861.52
262,488647.98,8102B,0,0,103,6867.83
263,492534.02,8102,38,6,1193,5606.44
264,7026293.86,6312,537,218,6,11236.33
265,1420367.36,6314,108,47,184,4935.11
266,284489.4,9122,0,0,467,4667.96
267,954184.31,9113A,0,0,2842,5492.46
268,511279.82,7102,2169,626,301,3289.76
269,114745.45,9114A,0,0,15,3927.88
270,424860.69,7112,1390,481,152,2780.69
271,241778.11,7111,1118,290,197,2007.09
272,102969.86,7120,0,0,283,1322.35
273,1863714.12,6106A,136,46,747,8820.32
274,760849.16,6106,1677,387,803,9146.3
275,4774357.89,6103,1974,715,2100,8803.73
276,2297878.23,5213,1547,715,847,7589.6
277,1615399.57,6205,1519,817,373,5870.07
278,693569.86,6206A,209,111,221,5122.93
279,3389458.48,6209,1910,1005,109,8851.15
280,1507771.77,6206,30,30,3556,7469.18
281,1376225.84,6208,172,105,78,5153.93
282,453173.24,6207,0,0,321,5635.77
283,2989299.58,6207A,740,0,261,18923.1
284,1760954.38,5201,558,300,190,5560.83
285,1293175.07,5209,2552,1049,405,4934.3
286,5078748.83,6315,1803,964,1551,9141.23
287,1622356.81,6210,1303,619,54,6073.46
288,1173716.03,6317,2635,1344,680,4625.07
289,2248640.31,6316,1417,736,318,7656.45
290,1999435.14,6307,487,320,262,5898.71
291,1047329.41,6322,870,261,55,5002.52
292,1825855,6321,3908,1887,1311,5707.92
293,1493376.64,6325,3566,2080,300,5254.75
294,442076.95,7117,1564,729,74,2667.45
295,724317.67,8206,171,110,953,5163.64
296,534878.62,8207,0,0,577,4140.33
297,484547.16,7203,677,325,103,3669.69
298,1663045.99,7207,4436,2117,718,5333.24
299,375755.89,7209,1308,537,103,2496.78
300,837439.71,7214,2152,986,75,3738.53
301,498614.63,7204,1653,625,131,2949.48
302,629831.62,7210,3266,1238,224,3634.52
303,314045.6,7216,1314,648,157,2295.71
304,223674.47,7215,680,262,30,2070.41
305,459747.4,7212,1585,535,71,2835.47
306,367313.62,7115,1344,615,35,2553.43
307,457951.01,7116,767,402,222,3988.68
308,78023.64,7119,0,0,255,1531.81
309,2590943.97,6204,3859,1842,1065,7784.02
310,1291504.3,6203A,615,318,223,10198.19
311,492297.03,6211,665,284,90,7442.56
312,705692.38,7219,1359,589,122,4426.13
313,513059.73,7220,1433,587,176,3076.08
314,318557.96,7217,1190,594,112,2502.15
315,340829.94,7218,1190,575,12,2751.42
316,211777.78,7307,13,9,95,2867.02
317,402939.03,7201,0,0,503,3256.98
318,405386.28,7201A,249,96,737,3814.96
319,526848.14,7202,635,335,158,4326.83
320,364541.22,7205,1906,693,148,2946.63
321,36258.94,7205A,143,90,7,1119.88
322,599885.6,7206,1933,923,379,3839.84
323,576775.3,7208,2385,1067,316,3221.26
324,1011620.35,6201,1533,781,546,7442
325,2299143.77,6202,2098,835,542,6652.43
326,420231.3,7213,953,395,35,2582.32
327,328391.97,6101,327,89,265,3372.9
328,610235.39,6102,1237,520,128,4043.49
329,1047776.84,7101,987,0,1228,4706.68
330,594810.54,8101,0,0,210,3425.68
331,282749.35,7124,0,0,268,2454.59
332,152252.12,8102A,0,0,224,2473.4
333,593323.11,7114,2315,798,71,3463.16
334,676972.32,7211,2789,1048,252,3397.7
335,525144.74,7113,328,9,28,3020.49
336,296904.12,7125,351,84,676,2350.89
337,213492.21,7118,584,214,95,1982.64
338,1098419.05,6313A,22,11,54,6357.57
339,2593226.06,5212A,38,23,801,8753.77
340,1980199.41,5305,378,174,93,5664.24
341,809115.95,5210,970,500,230,3742.19
342,134208.64,7,0,0,634,1569.1
343,66115.38,5,0,0,7925,1029.43
344,897291.07,6107,1548,189,890,5845.81
345,27896.51,6107A,380,26,54,673.59
346,184852.66,72,0,0,580,1807.22
347,23382.04,26,78,0,583,616.71
348,21864.76,27,0,0,293,594.33
349,24948.14,28,0,0,2395,638.55
350,35620.79,39,0,0,4818,782.45
351,35001.75,25,0,0,1218,769.95
352,163388.12,64,107,64,560,2048.98
353,557319.9,5101A,0,0,585,3147.37
354,52538.56,59,20,0,69,1248.19
355,68920.15,58,0,0,1645,1254.36
356,292644.52,5102,286,211,1424,2277.45
357,22578.64,57,0,0,271,598.07
358,293002.24,5110,222,137,1453,2878.79
359,165666.87,5109,559,302,477,1762.18
360,211598.07,5111,365,325,256,1904.59
361,1666327.99,5117,351,149,1593,6554.69
362,616052.18,4101,2864,933,581,3246.24
363,180994.87,5112,722,347,153,1887.42
364,472113.07,5113,1993,740,233,2802.46
365,975271.94,6104,0,0,182,5128.43
366,102217.16,7103,312,67,193,1242.06
367,201713.49,7104,376,57,201,2049.49
368,221872.68,7123,809,303,18,2005.19
369,240150.85,70A,0,0,442,2507.79
370,657109.61,1,0,0,1197,3893.23
371,190903.32,33,56,3,221,1838.55
372,233699,37,324,99,615,2451.75
373,40554.14,38,0,0,2327,1089.63
374,64224.21,34,89,25,104,1064.57
375,46295.74,35,59,0,92,901.47
376,38720.24,61,50,11,255,882.13
377,46077.83,62,93,35,62,896.82
378,151858.27,62A,0,0,33,2145.59
379,131210.87,7109,585,203,77,1502.23
380,103796.59,7122,350,138,48,1298.76
381,124989.26,7105,463,180,176,1481.62
382,84008.54,7107,470,164,213,1572.63
383,125725.94,7108,751,222,246,1709.02
384,135615.92,7110,625,159,92,1485.58
385,149890.98,7106,222,30,3130,1624.74
386,96242.61,36,228,56,315,1493.28
387,97772.53,60,116,34,323,1853.31
388,50033.25,63,666,86,192,1433.31
389,68715.9,70,0,0,4,1479.59
390,210514.8,71,0,0,471,1984.69
391,61984.88,3,0,0,958,1723.24
392,109422.44,32,0,0,79,1388.49
393,96653.73,31,0,0,312,1746.25
394,163101.69,30,0,0,4196,2382.31
395,74458.07,4,0,0,2704,1312.33
396,24189.33,29,0,0,502,607.91
397,856900.81,5118,3593,1486,962,3766.86
398,380040.36,5115,1434,749,225,2465.24
399,608677.25,5121,3077,801,422,3663.76
400,319437.73,5125,640,183,486,2513.44
401,370994.81,5203,0,0,862,2765.07
402,379095.87,5120,1302,259,299,2887.48
403,217008.87,5202,0,0,419,2442.16
404,223518.88,5116,913,560,413,1893.86
405,440373.58,5122A,111,0,226,3042.32
406,268073.04,5114,1178,353,51,2302.32
407,582866.84,5119,1664,529,1370,3286.37
408,55336.22,40,0,0,313,938.13
409,34719.23,41,59,43,3567,765.8
410,21488.5,53,5,0,905,587.12
411,44917.61,49,0,0,1021,905.13
412,191357.89,5105,0,0,261,2698.73
413,179661.17,11,54,0,1117,2011.94
414,80347.46,48,161,114,438,1162.23
415,63409.28,13,132,71,115,1063.76
416,109747.66,14,50,31,881,1318.12
417,52741.09,44,5,5,209,1000.86
418,78544.46,45,412,314,150,1147.29
419,128107.95,3121,531,215,55,1494.57
420,20110.83,12,0,0,1248,567.79
421,161085.84,69,14,0,313,1709.82
422,356025.94,5106,1352,888,444,2486.45
423,82816.01,46,159,115,378,1169.27
424,174975.14,3123,358,116,694,1800.52
425,270989.07,3136,167,55,101,2432.4
426,143794.51,5107,640,421,90,1627.01
427,134993.49,50,267,44,988,1488.72
428,121773.36,5103,263,183,763,1508.37
429,212663.63,5104,674,516,583,1922.42
430,165072.88,68,241,211,1504,1629.93
431,206126.23,5108,849,664,314,1951.79
432,34435.66,54,14,0,2591,766.6
433,24712.56,54A,0,0,86,633.39
434,35385.67,56,0,0,255,777.04
435,82205.45,66,6,6,1948,1177.59
436,21677.17,51,0,0,128,594.66
437,54740.18,67,0,0,584,1012.45
438,48099.59,65,720,0,1513,941.56
439,13281.26,55,0,0,2,478.02
440,23714.46,52,0,0,511,616.25
441,12334.81,5107A,0,0,137,475.98
442,102216.66,47,304,50,642,1296.97
443,295764.51,8,0,0,455,2398.58
444,8204.69,6A,0,0,8,405.99
445,56864.33,6,0,0,218,1031.99
446,114134.66,9,0,0,600,1540.13
447,46399.7,16,0,0,320,1265.56
448,69438.07,42,23,0,1486,1087.57
449,55965,17,0,0,98,1074.07
450,64787.87,18,14,14,994,1107.75
451,33864.11,24,0,0,2021,756.93
452,37230.63,20,0,0,190,808.74
453,22575.97,21,0,0,2979,594.86
454,52029.42,19,114,34,3998,967.12
455,23477.58,22,0,0,2025,619.48
456,40568.02,23,0,0,5736,803.89
457,82432.76,43,137,66,2331,1449.77
458,108042.11,15,0,0,535,1388.7
459,10058.28,16A,0,0,42,464.36
460,189269.83,4102,0,0,816,1768.68
461,215830.37,4103,844,212,70,1848.34
462,130626.28,3124,586,214,137,1472.07
463,66121.42,3135,330,45,26,1184.93
464,111902.26,3137,299,72,30,1386.71
465,108172.31,3101,272,36,28,1373.35
466,37276.66,3112,32,32,26,768.93
467,98935.84,3114,305,146,543,1510.4
468,144376.55,3122,557,182,285,1590.29
469,185335.48,3111,324,94,64,1735.16
470,89628.36,3103B,569,68,114,1319.8
471,146311.68,3110,354,129,193,1570.3
472,231569.69,3108,756,159,96,1974.13
473,74555.57,3113,212,148,293,1106.16
474,141193.35,3115,314,123,1218,1575.5
475,129046.7,3109,629,193,190,1491.18
476,102499.57,9201A,0,0,75,4144.44
477,2403680.23,9201,2601,1240,248,8479.63
478,1642833.22,9320,1911,1035,277,6182.99
479,1042988.57,9306,958,528,106,7076.64
480,1328085.33,9319,2113,1109,137,5405.55
481,848138.21,9318,1383,858,293,3959.23
482,2967214.87,9225,45,45,2221,7949.34
483,1031623.04,1401A,228,118,224,4641.29
484,860661.07,1301,1212,614,406,4035.65
485,676541.65,9308,77,46,29,3757.4
486,923166.24,1308,2897,1478,982,5899.19
487,898694.31,1306,946,425,264,4294.93
488,1667474.14,9316,2143,1567,1829,5022.89
489,2146113.07,9317,1657,695,2040,7430.15
490,1391426.73,1321,971,496,696,5042.05
491,1716443.79,1324,3091,1699,608,5362.42
492,487213.1,1348,0,0,1136,3954.47
493,1023378.64,1325,2516,1255,1102,4909.75
494,1650406.98,1326,2744,1313,487,5347.01
495,355371.17,9229,116,13,4341,3026.43
496,704664.69,9230,2833,1987,459,4858.66
497,318629.14,9231A,420,236,2139,3658.52
498,1099969.03,9233,1187,377,193,4455.91
499,169609.63,9235,60,45,2059,2645.54
500,495437.6,9111,646,391,2501,3258.24
501,317464.92,9102,590,350,26,2245.62
502,318901.07,9105,344,238,1586,2382.52
503,313004.14,9120,989,559,140,2816.03
504,668457.98,9211,1375,632,187,3319.18
505,772905.05,9202,1069,555,98,3959.28
506,2096881.6,9214,2693,1439,225,6813.22
507,1109403.51,9205,1833,761,344,5074.35
508,1579969.15,8205,906,775,1104,6613.81
509,483905.29,9218,613,303,109,5105.93
510,264958.48,9216,500,210,29,2362.96
511,226602.63,9207,676,378,7,2046.46
512,530482.02,9208,446,199,162,3167.34
513,774807.65,9222,1895,888,248,3932.84
514,205621.77,9218A,509,51,337,2306.84
515,164618.27,9117,0,0,433,2244.63
516,120728.99,9217,0,0,287,2555.48
517,956101.19,9215,132,77,118,4008.26
518,2537052.48,9206,4217,2179,869,7691.53
519,534267,9220,1220,690,122,3031.02
520,312307.34,9219,819,427,45,3215.34
521,616402.96,9224,1478,807,234,3958.11
522,207484.27,9108,847,692,151,1935.98
523,441531.75,9119,1144,628,554,3925.92
524,398365.29,9109,996,628,751,2892.28
525,642044.47,9101,2215,1657,1796,3693.41
526,100087.55,9107A,441,352,188,2249.73
527,62283.24,9107B,41,8,108,1050.16
528,487281.63,9118,629,282,379,3527.26
529,214657.81,9221,250,146,346,2198.82
530,106750.62,9223,94,44,649,1467.5
531,219094.82,9107,795,584,847,2073
532,153483.04,9110,514,345,315,1809.09
533,175805.58,9106,426,304,478,1728.69
534,429808.54,9227,635,246,6,3233.31
535,616511.76,9204,813,355,356,3537.75
536,641436.99,9236,1360,822,494,3528.45
537,988305.98,9210,1283,537,232,4081.54
538,173223.98,9209,0,0,922,1975.55
539,771846.68,9203B,97,49,41,4112.38
540,261968.96,9226,469,279,360,2198.12
541,629579.5,9228,985,434,95,3407.66
542,1788242.32,9404A,2507,1740,572,8517.39
543,6543164.03,9302A,281,242,1613,13875.23
544,2317322.01,9406,1405,726,113,8118.78
545,1096544.1,9311,2682,1370,567,4801.59
546,495500.43,9314A,1298,929,141,3552.1
547,1294145.82,9310,2312,1478,387,5506.14
548,100505.13,9321,181,174,1078,2067.31
549,138569.37,9307,139,66,740,2026.86
550,1041392.5,9309,409,231,164,4879.24
551,71327.85,9314,74,48,12,1605.85
552,895500.43,9322,705,464,31,3838.12
553,876630.71,9324,1937,1551,676,4539.28
554,97502.47,9307B,161,115,6,1490.92
555,40361.26,9321A,222,160,10,826.96
556,921634.45,9322A,1087,727,92,4029.55
557,2695986.58,9315,5772,3998,3696,7626.26
558,219154.4,9315A,397,200,240,3075.37
559,2178506.72,9405,2487,1226,295,6065.06
560,964815.68,9305,676,396,201,4994.12
561,152591.29,9306A,29,12,4,2382.47
562,1029657.97,1323,2813,1587,492,4313.5
563,414101.37,9234,44,37,2321,2998.71
564,545890.82,1224,3733,2219,829,3074.28
565,840892.61,1203,1794,1010,447,3652.5
566,506474.47,1225,3659,2064,415,2972.47
567,526643.27,1216,1714,1043,176,3100.34
568,211961.02,1221,694,435,70,1854.47
569,131346.75,1222,771,414,29,1552.98
570,373674.76,1228,2359,1452,145,2778.27
571,651117.32,1214A,0,0,151,3990.56
572,156308.24,1213A,44,30,44,2090.63
573,244456.85,1227,1764,952,73,2381.64
574,277844.95,1103,2903,1627,118,2240.97
575,122269.55,1113,985,302,100,1611.5
576,106489.63,1123,355,63,144,1390.74
577,236610.51,1127,1096,331,308,2274.52
578,164346.31,1126,552,268,294,2087.3
579,1017865.91,1231,3008,1180,369,5038.88
580,591454.97,1232,2900,941,203,3562.21
581,1563983.49,1101,9588,3317,20589,6205.66
582,290347.89,9103,0,0,948,2272.15
583,183001.51,1117A,0,0,3752,1775.56
584,163812.27,1118,434,256,55,2216.78
585,273806.68,1132,122,15,6742,2398.81
586,371643.65,1115,3678,2249,1170,2512.45
587,98453.28,1116,591,348,293,1396.75
588,120597.28,1119,505,390,98,1369.1
589,243233.2,1114,1811,1010,766,2076.86
590,500080.07,1130,2380,1316,368,3509.22
591,92358.49,9104,0,0,97,1220.15
592,693022.68,1133,5,0,1487,3538.21
593,233099.89,1120,1294,906,711,2063.75
594,73112.48,1121,380,249,89,1665.13
595,225565.35,1129,969,736,171,2331.61
596,67044.59,1136A,31,8,1432,1592.87
597,183122.46,1128,547,329,640,1861.39
598,160126.03,1122,915,280,509,1660.07
599,246715.25,1226,2462,1283,1044,2210.16
600,207115.65,1102,2540,1230,984,1883.88
601,574197.89,1322,1342,793,470,3263.76
602,771733.2,9232,195,79,507,4853.34
603,878386.21,1201,2836,1867,950,4059.31
604,287744.18,1218A,687,390,343,3214.1
605,582219.4,1202,1658,950,655,3307.16
606,67334.97,1218,228,128,116,1752.44
607,361587.1,1217,1157,760,296,2815.48
608,289747.01,1220,1450,836,263,2526.28
609,184852.31,1223,923,482,181,2039.03
610,159820.45,1219,536,330,236,1663.24
611,893772.13,1105,163,86,913,3953.54
612,181679.31,1112,1236,292,42,1903.43
613,78940.45,1111,0,0,540,1840.26
614,412191.43,1230,125,49,335,3237.03
615,482233.09,1106,1649,469,413,3322.96
616,597429.3,1108,1075,309,361,3115.55
617,742521.94,1107,2150,371,366,3733.72
618,275578.98,1139,466,88,126,2184.06
619,508202.08,1140,912,224,483,2861.49
620,399628.3,1110,61,0,620,2874.74
621,154575.47,1125,153,72,268,1780.82
622,311332.07,1138,160,27,435,2723.51
623,117348.14,1124,304,106,498,1402.13
624,69794.05,1109,0,0,114,1326.96
625,150175.7,1229,711,404,145,1835.31
626,203175.08,1104,1556,1054,52,1969.91
627,1326562.64,1205,3822,1780,226,6098.88
628,165183.05,1204,0,0,362,2335.25
629,1230998.59,1212,3615,1675,363,4448.96
630,99697.19,1215,0,0,199,2327.88
631,744957.62,1406,0,0,1926,4051.43
632,676442.56,1304,626,339,429,3752.46
633,1248051.2,1305,2275,1140,275,4694.73
634,1131633.65,1312,1903,1047,623,4794.12
635,1432032.2,1311,1725,1015,1013,5069.97
636,1781335.39,1313,3319,2141,674,6153.76
637,153978.61,1344A,196,118,62,1947
638,918662.9,1344,166,78,2907,5607.68
639,1358468.76,1318,2876,1412,620,5074.06
640,1166263.75,1319,1693,808,1447,4983.58
641,1104345.61,1314,2434,1281,132,4659.7
642,1365747.11,1316,2929,1539,260,6341.46
643,960079.34,1320,1362,714,454,4366.86
644,150524.96,1308A,103,66,81,3097.47
645,210270.66,1309A,29,14,124,3139.3
646,118926.59,1310A,114,50,470,1387.97
647,198798.26,1401,252,117,306,2341.83
648,756540.57,1408,1581,824,562,3889.91
649,610894.99,1404,1353,700,639,3473.56
650,188344,1408A,0,0,530,3144.84
651,1437442.83,1317,2010,1064,247,4961.13
652,77015.42,1307,20,7,170,2350.76
653,178275.2,1347A,309,158,406,2543.61
654,1236200.91,1327,2185,877,223,4638.85
655,316221.96,1307B,824,649,904,4441.77
656,128662.72,1345A,390,339,378,2060.05
657,111254.48,1307C,41,23,305,1482.96
658,607126.79,1405,571,468,3080,5151.21
659,833151.5,1405A,617,566,2823,5282.33
660,1556967.19,1414,4842,2791,560,5627.37
661,194718.51,1430A,201,122,228,2675.72
662,139763.89,1302B,519,284,274,2151.53
663,147922.64,1413,79,56,618,1633.41
664,124564.24,1302A,79,38,536,1562.81
665,378748.14,1303A,662,145,573,4781.43
666,999789.01,5205,1474,596,342,4098.03
667,1012036.4,5206,1487,609,130,4149.76
668,2832921.65,4212,409,177,141,8651.76
669,45474.94,3302,0,0,509,920.01
670,807885.94,3303,1205,444,481,3808.9
671,817516.76,3304,1141,550,157,3636.9
672,460559.15,3215,1291,792,488,3059.71
673,1353969.61,4207,2904,1383,842,5193.46
674,1153338.25,4208,3356,1613,151,4547.13
675,318800.15,3305,247,137,137,2438.09
676,3071952.86,4209,4317,2311,901,7911.47
677,2137706.15,4311,50,37,7,9661.52
678,669812.72,4309A,158,92,130,4199.81
679,1648693.77,4307,822,298,331,6359.92
680,888978.08,4308,571,295,2,4906.21
681,2784113.15,4335,26,10,438,9892.25
682,2223800.81,4334,1918,1037,253,6510.86
683,702877.78,4339,0,0,85,4425.62
684,3176375.08,4316,40,40,535,7689.33
685,502133.77,4338,515,395,505,3157.05
686,1723810.3,4306,1422,727,103,6939.99
687,1893670.73,5302,964,443,453,6074.97
688,2854591.74,4213,201,96,549,6994.69
689,3174389.47,5301,1757,712,326,7111.05
690,2375507.02,5308,74,38,1332,6414.73
691,1711316.96,4317,1583,719,13,6168.65
692,3233552.99,4319,601,302,11,7597.71
693,757795.25,5307,387,104,32,4088.42
694,2373829.39,5207,2851,1376,594,6181.32
695,2307203.03,4310,859,493,248,6824.04
696,1475221.36,3205,2112,968,855,5056.12
697,235824.32,4110,1191,367,66,2056.4
698,536973.1,4109,2321,987,140,2935.26
699,338199.15,4108,776,264,69,2362.73
700,568513.79,4216,252,0,1508,3910.96
701,997705.95,4204,0,0,1293,6139.57
702,2352799.82,4211,1474,733,1957,8148.86
703,785803.3,3204,2457,1479,1164,3554.92
704,897431.34,4205,1244,538,771,5044.04
705,790928.35,4206,1179,531,232,3768.05
706,596311.68,4203,914,442,353,3395.64
707,1357724.2,4201,2394,966,1560,5002.1
708,655831.85,4202,1156,446,577,3591.54
709,288975.58,5216,0,0,550,2280.77
710,283288.58,5215,0,0,287,2351.04
711,805284.6,4114,1969,834,156,3580.27
712,140442.39,4115,440,189,64,1522.94
713,192384.67,4113,787,293,55,1814.85
714,120021.42,3119,289,83,73,1514.92
715,806899.86,3118,1410,322,147,3916.02
716,183359.11,3128,38,27,224,1920.06
717,329223.04,3127,1130,447,305,2802.25
718,234461.81,3131,471,189,5,1919.37
719,280729.43,4107,807,270,111,2125.81
720,244345.58,4105,947,350,18,1974.81
721,112225.35,3132,233,61,131,1713.22
722,332150,4106,1070,320,57,2333.53
723,160792.07,3126,455,164,122,1656.67
724,80730.38,3133,149,42,54,1342.46
725,144104.51,3139,508,94,44,1566.81
726,243259.84,3117,1036,360,373,2021.3
727,260508.68,3129,24,11,263,2708.8
728,110147.75,3130,159,35,31,1434.98
729,1278761.7,4210,1896,1078,82,4934.98
730,987906.72,4215,485,361,56,4363.46
731,631769.2,4214,1565,1077,447,3884.46
732,1254772.94,3202,2601,1262,572,4704.46
733,1362314.84,3212,2386,1244,653,4984.02
734,868956.79,3213,2435,1226,600,3779.2
735,1462195.79,3211,4016,1811,769,5337.15
736,811561.66,3203,2502,1153,356,3631.73
737,899961.54,3214,2001,896,450,3972.69
738,246485.86,3210,678,257,390,2236.59
739,1949649.56,4312,156,74,114,6285.09
740,2596978.47,4315,116,49,852,7188.29
741,1855437.31,4337,4151,2288,137,7090.56
742,471984.5,4327,862,366,249,3956.3
743,2783462.58,4324,280,108,67,6794.08
744,1338073.97,4326,50,38,3,5780.02
745,1443947.97,4323,94,55,243,7118.48
746,496947.74,4328A,664,335,99,4003.2
747,81086.25,4328,176,84,118,1321.53
748,123088.98,4330,103,31,254,2297.28
749,1660716.24,4333,232,136,447,6523.05
750,627004.64,4301,1010,505,620,3641.4
751,1078317.64,3324,3946,1881,399,4419.46
752,1196461.8,3317,45,8,335,5161.85
753,2682667.74,3310,5073,3038,1391,7729.34
754,1703988.74,3320,3005,1669,618,5359.76
755,1356234.18,3325,2075,1136,214,5210.28
756,1869179.55,4303,607,489,1659,6129.52
757,1160097.52,3319,1829,1142,201,4459.67
758,593709.9,3335,1691,908,588,3713.03
759,759973.91,4332,1741,1138,408,4396.25
760,1200408.08,4336,209,10,1767,5903.75
761,1015202.6,4302,1877,1178,721,5850.65
762,1043724.89,4331A,868,464,3491,4079.02
763,944291.41,3313,3566,1785,201,4365.01
764,610259.22,3312,1163,651,406,3169.69
765,813387.98,3311,1426,673,511,3649.17
766,356311.22,3307,715,361,518,2498.93
767,596127.04,3322,1534,780,220,3076.64
768,743355.98,3323,1463,692,318,3689.24
769,266377.93,3306,650,334,100,2152.56
770,229952.07,3308,370,240,720,1926.44
771,418148.07,3321,962,540,80,2585.75
772,154809,3309A,88,62,459,1848.11
773,1033657.59,3314,2809,1506,659,4302.07
774,1286856.66,3327,3041,1857,80,4519.97
775,579419.98,3330,515,285,20,4012.08
776,3410.37,3332,0,0,213,307.92
777,290927.7,2306,0,0,43,3496.72
778,290857.62,2305,90,18,13,2195.28
779,1519911.05,1338,1608,748,839,7211.06
780,1438965.39,1340,1472,772,166,6063.66
781,4571806.46,2413,3426,1760,218,9500.76
782,1341040.21,2414,190,73,57,6511.64
783,612354.58,2408,563,343,33,5262.94
784,1776471.48,1420,2430,1352,644,6357.59
785,1485932.61,1441A,1185,495,181,5710.58
786,6482854.99,2302,655,336,749,10051.27
787,2802607.93,2320,1117,814,286,9595.04
788,713193.68,2430A,63,43,85,7148.04
789,3116270.2,2303,3208,1555,5610,8072.96
790,4511167,2415,2379,1222,240,9594.18
791,2321378.59,2315,2700,1322,291,10046.87
792,969158.47,2304,355,136,192,4469.32
793,2607136.42,2314,4857,2366,480,6605.44
794,2980772.35,2306A,40,19,688,11308.72
795,718857.7,2308,79,0,819,3837.62
796,4666975.12,2307A,0,0,3302,10814.27
797,754752.99,2309,0,0,197,8443.42
798,2135510.39,1339,2729,930,1643,6272.85
799,2579300.63,2201,3596,1314,296,7481.53
800,1991512.27,2204,4672,1884,122,5884.91
801,3659562.06,2313,3236,1020,451,8537.33
802,5390810.66,2202,1777,868,441,12380.35
803,819323.64,2211,1230,477,555,4391.94
804,1349686.48,2206,1666,842,481,5150.25
805,611436.17,2207,696,259,593,3155.54
806,249874.41,2208,217,80,31,2129.57
807,275389.9,2210,235,64,173,2363.56
808,456738.6,2209,945,486,84,2951.89
809,310126.02,1207,964,419,232,2901.69
810,433322.27,1208,748,299,182,2930.78
811,127798.25,1210,345,101,163,2112.25
812,521201.77,1209,1609,563,26,2964.25
813,268055.7,1336A,40,22,876,2314.26
814,47212.63,1337,0,0,158,1103.3
815,164867.5,1346A,95,46,926,1767.86
816,10840.25,1346,0,0,81,631.2
817,818294.34,2203,9,9,960,5474.07
818,1036238.94,2212,1934,615,951,6808.81
819,1117147.86,2212A,1256,526,98,6890.45
820,1514425.99,1432,2684,1687,2192,6810.99
821,1685795.99,1343,1463,701,336,6609.93
822,1814666.62,1442,4463,2857,612,6113.49
823,1929288.96,1332,1584,817,336,6012.57
824,818043.43,1349,1030,599,535,5715.87
825,651094.11,1350A,453,208,97,3864.01
826,753513.97,1433,0,0,200,3943.53
827,1847476.48,1341,2601,1462,1523,7475.78
828,3020803.84,2301,3897,2538,153,10816.97
829,864448.06,1350,2204,1167,174,4196.62
830,80990.9,1330A,428,276,136,1189.4
831,167135.86,1330B,460,299,633,2519.21
832,1227888.52,1333,2154,1512,341,4634.46
833,411701.1,1345C,134,100,384,2849.84
834,174766.14,1345,23,7,451,2374.88
835,433818.78,1415A,855,592,128,3903.97
836,326239.91,1432A,257,132,244,3634.74
837,422808.1,1351A,822,413,578,2788.08
838,16531.66,1430,0,0,94,611.77
839,63394.82,1303C,119,84,257,1717.56
840,5491.85,1430C,8,8,20,371.21
841,185902.86,1443,0,0,1120,2142.02
842,278337,1352A,124,2,536,2859.31
843,271359.67,1451,18,9,107,2740.57
844,533106.43,1435,517,216,2229,4503.2
845,2575173.73,1434,5255,2865,336,6705.99
846,552371.81,1444,19,13,199,3743.3
847,411142.46,1453,1377,836,25,3241.93
848,1558622.91,2312,1757,872,205,6611.45
849,1136825.41,2317,1251,678,189,4914.82
850,811389.28,2416,1020,609,912,4441.96
851,754372.03,2316,831,483,840,3808.83
852,299801.53,2322A,482,241,73,3037.9
853,243612.89,2311,116,61,102,3060.56
854,129338.62,2416A,8,8,497,2838.41
855,263795.85,2319A,0,0,63,5965.87
856,804326.05,2321A,0,0,9,5246.92
857,615186.71,2310,0,0,27,3758.79
858,4170284.1,2408A,885,519,23,12304.68
859,6043844.12,2407,4053,2605,111,10626.08
860,1694239.64,2430,1718,945,24,10270.42
861,5863055.68,1511,618,317,29,12046.79
862,2395513.29,1431,4679,2473,237,7700.09
863,7670698.71,9505,2044,1074,47,11923.48
864,2951408.32,9510,358,193,19,9023.85
865,3630867,1506,1527,818,93,8092.63
866,4123291.71,1508,0,0,7,9405.96
867,6625143.81,9403,4458,2125,916,10951.82
868,3271044.26,1410,969,377,590,11920.31
869,2953725.16,9511,105,69,14,7686.8
870,2999538.1,9504,463,246,9,7921.03
871,1820248.14,9414,4876,2640,389,6381.75
872,2357259.51,9410,5817,3532,1315,7221.95
873,1969257.42,9415,3456,2032,121,8142.48
874,2096664.46,9402,5468,3355,422,8362.37
875,2304057.56,1509,78,29,427,6549.09
876,2039530.13,1412A,4467,2944,342,8025.06
877,2836019.28,1447,4332,3194,91,7704.52
878,279986.11,1446,0,0,51,2178.69
879,2847226.47,1411A,2799,1627,1086,15970.79
880,492474.21,1448,66,30,1832,7289.61
881,179017.05,1412,492,287,231,3187.06
882,1624004.88,1429A,1064,643,1258,7042.97
883,137432.35,1429,49,21,660,1640.42
884,2146406.47,1423,3204,1846,109,5772.12
885,1777169.66,1422,2834,1386,491,5889.08
886,9368145.39,1502,1043,462,17,13300.86
887,1245507.52,1426,1990,915,2116,6107.06
888,1176905.57,1425,1742,856,575,4566.1
889,212183.74,1416A,154,69,25,5749.52
890,1329093.78,1417A,0,0,56,5053.64
891,390.69,1450,0,0,1877,104.9
892,384497.61,1427,524,355,578,2533.47
893,472686.3,1452,523,237,597,2842.2
894,61711.81,1437,0,0,166,1330.08
895,197061.26,1436A,330,167,1129,1835.6
896,743914.2,1428,1150,578,2116,3424.37
897,18982454.41,3506,910,550,10,21588.24
898,12968145.06,4502,2664,1393,18,18128.55
899,3722467.01,3513,3537,1759,133,11591.51
900,653861.35,3409,1090,613,42,7392.48
901,1384596.14,3409A,960,604,147,6708.38
902,3046926.8,3404,377,234,68,8605.65
903,872086.92,3405,1161,618,59,4385.96
904,2741014.26,3411,2267,1198,274,7140.8
905,9666282.98,3502,1342,665,14,12709.72
906,7500256.9,3510,2254,1106,429,13460.75
907,3743755.3,4503,2444,1337,62,9007.41
908,5873443.19,3511,1176,643,24,13935.12
909,5816609.15,3507,1172,877,95,9942.45
910,7501527.78,4501,1781,919,32,11074.56
911,9369459.69,4409,1078,605,301,13210.89
912,833679.1,3407,2027,1132,487,5415.27
913,1130305.74,3415,2264,1288,1029,5722.84
914,182681.27,3421A,139,74,366,2846.82
915,2670518.03,3417,2956,1795,1325,8218.7
916,1438386.27,3414,2711,1490,896,5104.66
917,1948832.2,3410,3013,1769,305,6255
918,193822.13,3423,413,320,15,2381.57
919,900394.83,3422,943,581,138,3877.06
920,997536.58,3419,17,12,2043,4610.59
921,1932310.61,3418,4160,2447,159,5842.74
922,50921.24,3418A,7,2,149,1029.01
923,261639.02,3326,13,13,704,2864.68
924,128318.51,3420A,312,168,15,2493.11
925,306672.8,3408A,552,312,262,3965.21
926,1095301.86,3412,701,384,161,4257.39
927,607651.36,3413,463,270,288,3343.86
928,5207170.24,3403,74,52,160,9942.84
929,891335.1,3402,7,7,491,6784.96
930,1695455.85,2410,134,59,6,6518.01
931,3371769.8,2411A,277,136,22,8740.07
